
 **** DERIVATIVE DATABASE ****    
+DDB, Version number    100401

  Note : temporary (transfer) database                                                                                                                                                                                                                                   

    usepaw         0
     natom         2
      nkpt        28
    nsppol         1
      nsym        12
    ntypat         1
    occopt         1
     nband        16
     acell  0.89682622814487D+01  0.89682622814487D+01  0.89682622814487D+01
       amu  0.20898037000000D+03
   dilatmx  0.10000000000000D+01
      ecut  0.80000000000000D+02
    ecutsm  0.00000000000000D+00
     intxc         0
      iscf         7
       ixc         1
       kpt  0.83333333333333D-01  0.83333333333333D-01  0.83333333333333D-01
            0.25000000000000D+00  0.83333333333333D-01  0.83333333333333D-01
            0.41666666666667D+00  0.83333333333333D-01  0.83333333333333D-01
           -0.41666666666667D+00  0.83333333333333D-01  0.83333333333333D-01
           -0.25000000000000D+00  0.83333333333333D-01  0.83333333333333D-01
           -0.83333333333334D-01  0.83333333333333D-01  0.83333333333333D-01
            0.25000000000000D+00  0.25000000000000D+00  0.83333333333333D-01
            0.41666666666667D+00  0.25000000000000D+00  0.83333333333333D-01
           -0.41666666666667D+00  0.25000000000000D+00  0.83333333333333D-01
           -0.25000000000000D+00  0.25000000000000D+00  0.83333333333333D-01
           -0.83333333333334D-01  0.25000000000000D+00  0.83333333333333D-01
            0.41666666666667D+00  0.41666666666667D+00  0.83333333333333D-01
           -0.41666666666667D+00  0.41666666666667D+00  0.83333333333333D-01
           -0.25000000000000D+00  0.41666666666667D+00  0.83333333333333D-01
           -0.83333333333334D-01  0.41666666666667D+00  0.83333333333333D-01
           -0.41666666666667D+00 -0.41666666666667D+00  0.83333333333333D-01
           -0.25000000000000D+00 -0.41666666666667D+00  0.83333333333333D-01
           -0.25000000000000D+00 -0.25000000000000D+00  0.83333333333333D-01
            0.25000000000000D+00  0.25000000000000D+00  0.25000000000000D+00
            0.41666666666667D+00  0.25000000000000D+00  0.25000000000000D+00
           -0.41666666666667D+00  0.25000000000000D+00  0.25000000000000D+00
           -0.25000000000000D+00  0.25000000000000D+00  0.25000000000000D+00
            0.41666666666667D+00  0.41666666666667D+00  0.25000000000000D+00
           -0.41666666666667D+00  0.41666666666667D+00  0.25000000000000D+00
           -0.25000000000000D+00  0.41666666666667D+00  0.25000000000000D+00
           -0.41666666666667D+00 -0.41666666666667D+00  0.25000000000000D+00
            0.41666666666667D+00  0.41666666666667D+00  0.41666666666667D+00
           -0.41666666666667D+00  0.41666666666667D+00  0.41666666666667D+00
    kptnrm  0.10000000000000D+01
     ngfft        75   75   75
    nspden         1
   nspinor         2
       occ  0.10000000000000D+01  0.10000000000000D+01  0.10000000000000D+01
            0.10000000000000D+01  0.10000000000000D+01  0.10000000000000D+01
            0.10000000000000D+01  0.10000000000000D+01  0.10000000000000D+01
            0.10000000000000D+01  0.00000000000000D+00  0.00000000000000D+00
            0.00000000000000D+00  0.00000000000000D+00  0.00000000000000D+00
            0.00000000000000D+00
     rprim  0.55304110061345D+00  0.00000000000000D+00  0.83315397198373D+00
           -0.27652055030672D+00  0.47894764246815D+00  0.83315397198373D+00
           -0.27652055030672D+00 -0.47894764246815D+00  0.83315397198373D+00
     sciss  0.00000000000000D+00
    spinat  0.00000000000000D+00  0.00000000000000D+00  0.00000000000000D+00
            0.00000000000000D+00  0.00000000000000D+00  0.00000000000000D+00
    symafm         1    1    1    1    1    1    1    1    1    1    1    1
    symrel         1    0    0    0    1    0    0    0    1
                  -1    0    0    0   -1    0    0    0   -1
                   0    1    0    1    0    0    0    0    1
                   0   -1    0   -1    0    0    0    0   -1
                   0    0    1    1    0    0    0    1    0
                   0    0   -1   -1    0    0    0   -1    0
                   1    0    0    0    0    1    0    1    0
                  -1    0    0    0    0   -1    0   -1    0
                   0    1    0    0    0    1    1    0    0
                   0   -1    0    0    0   -1   -1    0    0
                   0    0    1    0    1    0    1    0    0
                   0    0   -1    0   -1    0   -1    0    0
     tnons  0.00000000000000D+00  0.00000000000000D+00  0.00000000000000D+00
            0.00000000000000D+00  0.00000000000000D+00  0.00000000000000D+00
            0.00000000000000D+00  0.00000000000000D+00  0.00000000000000D+00
            0.00000000000000D+00  0.00000000000000D+00  0.00000000000000D+00
            0.00000000000000D+00  0.00000000000000D+00  0.00000000000000D+00
            0.00000000000000D+00  0.00000000000000D+00  0.00000000000000D+00
            0.00000000000000D+00  0.00000000000000D+00  0.00000000000000D+00
            0.00000000000000D+00  0.00000000000000D+00  0.00000000000000D+00
            0.00000000000000D+00  0.00000000000000D+00  0.00000000000000D+00
            0.00000000000000D+00  0.00000000000000D+00  0.00000000000000D+00
            0.00000000000000D+00  0.00000000000000D+00  0.00000000000000D+00
            0.00000000000000D+00  0.00000000000000D+00  0.00000000000000D+00
    tolwfr  0.10000000000000D+01
   tphysel  0.00000000000000D+00
    tsmear  0.40000000000000D-01
     typat         1    1
       wtk  0.92592592592593D-02  0.27777777777778D-01  0.27777777777778D-01
            0.27777777777778D-01  0.27777777777778D-01  0.27777777777778D-01
            0.27777777777778D-01  0.55555555555556D-01  0.55555555555556D-01
            0.55555555555556D-01  0.55555555555556D-01  0.27777777777778D-01
            0.55555555555556D-01  0.55555555555556D-01  0.55555555555556D-01
            0.27777777777778D-01  0.55555555555556D-01  0.27777777777778D-01
            0.92592592592593D-02  0.27777777777778D-01  0.27777777777778D-01
            0.27777777777778D-01  0.27777777777778D-01  0.55555555555556D-01
            0.55555555555556D-01  0.27777777777778D-01  0.92592592592593D-02
            0.27777777777778D-01
      xred  0.23389000000000D+00  0.23389000000000D+00  0.23389000000000D+00
           -0.23389000000000D+00 -0.23389000000000D+00 -0.23389000000000D+00
     znucl  0.83000000000000D+02
      zion  0.50000000000000D+01
 
 No information on the potentials yet 
 
 **** Database of total energy derivatives ****
 Number of data blocks=    2
  
 Total energy                 - # elements :       1
 -0.11295946148054D+02  0.00000000000000D+00
  
 1st derivatives              - # elements :      12
   1   1  0.14446078370920D-01  0.00000000000000D+00
   2   1  0.14446078370920D-01  0.00000000000000D+00
   3   1  0.14446078370920D-01  0.00000000000000D+00
   1   2 -0.14446078370920D-01  0.00000000000000D+00
   2   2 -0.14446078370920D-01  0.00000000000000D+00
   3   2 -0.14446078370920D-01  0.00000000000000D+00
   1   5  0.31943418736901D-04  0.00000000000000D+00
   2   5  0.31943418736900D-04  0.00000000000000D+00
   3   5  0.43667961480070D-04  0.00000000000000D+00
   1   6  0.00000000000000D+00  0.00000000000000D+00
   2   6  0.00000000000000D+00  0.00000000000000D+00
   3   6  0.00000000000000D+00  0.00000000000000D+00
