 Fermi (or HOMO) energy (hartree) =   0.04113   Average Vxc (hartree)=  -0.30250
 Eigenvalues (hartree) for nkpt=  28  k points:
 kpt#   1, nband= 16, wtk=  0.00926, kpt=  0.0833  0.0833  0.0833 (reduced coord)
  -0.43317  -0.43317  -0.23533  -0.23533  -0.06336  -0.06336   0.01759   0.01759
   0.02593   0.02593   0.07383   0.07383   0.15976   0.15976   0.17321   0.17321
 kpt#   2, nband= 16, wtk=  0.02778, kpt=  0.2500  0.0833  0.0833 (reduced coord)
  -0.42138  -0.42138  -0.26045  -0.26045  -0.06278  -0.06278   0.00554   0.00554
   0.03432   0.03432   0.05957   0.05957   0.11666   0.11666   0.16462   0.16462
 kpt#   3, nband= 16, wtk=  0.02778, kpt=  0.4167  0.0833  0.0833 (reduced coord)
  -0.39235  -0.39235  -0.30721  -0.30721  -0.06030  -0.06030  -0.01474  -0.01474
   0.03096   0.03096   0.05224   0.05224   0.08517   0.08517   0.12753   0.12753
 kpt#   4, nband= 16, wtk=  0.02778, kpt= -0.4167  0.0833  0.0833 (reduced coord)
  -0.36658  -0.36658  -0.33879  -0.33879  -0.04331  -0.04331  -0.03869  -0.03869
   0.01755   0.01755   0.06003   0.06003   0.08895   0.08895   0.10238   0.10238
 kpt#   5, nband= 16, wtk=  0.02778, kpt= -0.2500  0.0833  0.0833 (reduced coord)
  -0.40177  -0.40177  -0.29218  -0.29218  -0.05592  -0.05592  -0.01153  -0.01153
   0.00945   0.00945   0.06739   0.06739   0.09619   0.09619   0.13511   0.13511
 kpt#   6, nband= 16, wtk=  0.02778, kpt= -0.0833  0.0833  0.0833 (reduced coord)
  -0.42638  -0.42638  -0.24844  -0.24844  -0.06391  -0.06391   0.00746   0.00746
   0.02495   0.02495   0.06759   0.06759   0.13479   0.13479   0.17241   0.17241
 kpt#   7, nband= 16, wtk=  0.02778, kpt=  0.2500  0.2500  0.0833 (reduced coord)
  -0.41686  -0.41686  -0.26550  -0.26550  -0.07150  -0.07150  -0.01719  -0.01719
   0.01099   0.01099   0.09074   0.09074   0.13070   0.13070   0.17989   0.17989
 kpt#   8, nband= 16, wtk=  0.05556, kpt=  0.4167  0.2500  0.0833 (reduced coord)
  -0.39551  -0.39551  -0.29384  -0.29384  -0.08407  -0.08407  -0.05455  -0.05455
  -0.00365  -0.00365   0.10577   0.10577   0.14273   0.14273   0.18303   0.18303
 kpt#   9, nband= 16, wtk=  0.05556, kpt= -0.4167  0.2500  0.0833 (reduced coord)
  -0.36292  -0.36292  -0.33299  -0.33299  -0.08821  -0.08821  -0.07452  -0.07452
   0.00693   0.00693   0.07382   0.07382   0.15413   0.15413   0.17665   0.17665
 kpt#  10, nband= 16, wtk=  0.05556, kpt= -0.2500  0.2500  0.0833 (reduced coord)
  -0.37967  -0.37967  -0.31511  -0.31511  -0.08903  -0.08903  -0.04839  -0.04839
   0.01251   0.01251   0.06381   0.06381   0.11874   0.11874   0.19029   0.19029
 kpt#  11, nband= 16, wtk=  0.05556, kpt= -0.0833  0.2500  0.0833 (reduced coord)
  -0.40832  -0.40832  -0.27943  -0.27943  -0.06924  -0.06924  -0.01191  -0.01191
   0.00759   0.00759   0.08000   0.08000   0.10140   0.10140   0.17220   0.17220
 kpt#  12, nband= 16, wtk=  0.02778, kpt=  0.4167  0.4167  0.0833 (reduced coord)
  -0.38495  -0.38495  -0.29521  -0.29521  -0.11121  -0.11121  -0.08243  -0.08243
  -0.03341  -0.03341   0.13146   0.13146   0.18157   0.18157   0.21599   0.21599
 kpt#  13, nband= 16, wtk=  0.05556, kpt= -0.4167  0.4167  0.0833 (reduced coord)
  -0.36543  -0.36543  -0.31556  -0.31556  -0.12705  -0.12705  -0.09241  -0.09241
  -0.02842  -0.02842   0.12862   0.12862   0.17914   0.17914   0.23341   0.23341
 kpt#  14, nband= 16, wtk=  0.05556, kpt= -0.2500  0.4167  0.0833 (reduced coord)
  -0.34654  -0.34654  -0.34413  -0.34413  -0.11437  -0.11437  -0.07534  -0.07534
  -0.00623  -0.00623   0.08227   0.08227   0.17277   0.17277   0.22320   0.22320
 kpt#  15, nband= 16, wtk=  0.05556, kpt= -0.0833  0.4167  0.0833 (reduced coord)
  -0.37481  -0.37481  -0.32529  -0.32529  -0.07221  -0.07221  -0.03566  -0.03566
   0.00287   0.00287   0.06498   0.06498   0.10628   0.10628   0.15097   0.15097
 kpt#  16, nband= 16, wtk=  0.02778, kpt= -0.4167 -0.4167  0.0833 (reduced coord)
  -0.36993  -0.36993  -0.30624  -0.30624  -0.13061  -0.13061  -0.09367  -0.09367
  -0.04187  -0.04187   0.12788   0.12788   0.18471   0.18471   0.25423   0.25423
 kpt#  17, nband= 16, wtk=  0.05556, kpt= -0.2500 -0.4167  0.0833 (reduced coord)
  -0.37526  -0.37526  -0.31031  -0.31031  -0.10583  -0.10583  -0.08148  -0.08148
  -0.02564  -0.02564   0.11823   0.11823   0.17660   0.17660   0.20032   0.20032
 kpt#  18, nband= 16, wtk=  0.02778, kpt= -0.2500 -0.2500  0.0833 (reduced coord)
  -0.39866  -0.39866  -0.28487  -0.28487  -0.08314  -0.08314  -0.05947  -0.05947
  -0.02202  -0.02202   0.12789   0.12789   0.14480   0.14480   0.17632   0.17632
 kpt#  19, nband= 16, wtk=  0.00926, kpt=  0.2500  0.2500  0.2500 (reduced coord)
  -0.41859  -0.41859  -0.27138  -0.27138  -0.05068  -0.05068   0.01342   0.01342
   0.03081   0.03081   0.05714   0.05714   0.12038   0.12038   0.13146   0.13146
 kpt#  20, nband= 16, wtk=  0.02778, kpt=  0.4167  0.2500  0.2500 (reduced coord)
  -0.40331  -0.40331  -0.29182  -0.29182  -0.07721  -0.07721  -0.00663  -0.00663
   0.03126   0.03126   0.06560   0.06560   0.08807   0.08807   0.18518   0.18518
 kpt#  21, nband= 16, wtk=  0.02778, kpt= -0.4167  0.2500  0.2500 (reduced coord)
  -0.37452  -0.37452  -0.32113  -0.32113  -0.10439  -0.10439  -0.04461  -0.04461
   0.00368   0.00368   0.08058   0.08058   0.12902   0.12902   0.20815   0.20815
 kpt#  22, nband= 16, wtk=  0.02778, kpt= -0.2500  0.2500  0.2500 (reduced coord)
  -0.36976  -0.36976  -0.32180  -0.32180  -0.09681  -0.09681  -0.07150  -0.07150
  -0.02037  -0.02037   0.10958   0.10958   0.16221   0.16221   0.18320   0.18320
 kpt#  23, nband= 16, wtk=  0.02778, kpt=  0.4167  0.4167  0.2500 (reduced coord)
  -0.39621  -0.39621  -0.30037  -0.30037  -0.07211  -0.07211  -0.03936  -0.03936
   0.00134   0.00134   0.09972   0.09972   0.13116   0.13116   0.16387   0.16387
 kpt#  24, nband= 16, wtk=  0.05556, kpt= -0.4167  0.4167  0.2500 (reduced coord)
  -0.37641  -0.37641  -0.31477  -0.31477  -0.10517  -0.10517  -0.08108  -0.08108
   0.02155   0.02155   0.07098   0.07098   0.18669   0.18669   0.21048   0.21048
 kpt#  25, nband= 16, wtk=  0.05556, kpt= -0.2500  0.4167  0.2500 (reduced coord)
  -0.35784  -0.35784  -0.32817  -0.32817  -0.11777  -0.11777  -0.10117  -0.10117
   0.00967   0.00967   0.07955   0.07955   0.19927   0.19927   0.23721   0.23721
 kpt#  26, nband= 16, wtk=  0.02778, kpt= -0.4167 -0.4167  0.2500 (reduced coord)
  -0.36949  -0.36949  -0.31720  -0.31720  -0.12389  -0.12389  -0.07217  -0.07217
  -0.02393  -0.02393   0.12154   0.12154   0.17780   0.17780   0.21957   0.21957
 kpt#  27, nband= 16, wtk=  0.00926, kpt=  0.4167  0.4167  0.4167 (reduced coord)
  -0.39594  -0.39594  -0.31176  -0.31176  -0.03341  -0.03341  -0.00400  -0.00400
   0.04113   0.04113   0.05258   0.05258   0.08609   0.08609   0.09491   0.09491
 kpt#  28, nband= 16, wtk=  0.02778, kpt= -0.4167  0.4167  0.4167 (reduced coord)
  -0.38441  -0.38441  -0.31798  -0.31798  -0.07904  -0.07904  -0.03260  -0.03260
   0.01458   0.01458   0.07472   0.07472   0.11606   0.11606   0.17079   0.17079
 Fermi (or HOMO) energy (eV) =   1.11925   Average Vxc (eV)=  -8.23156
 Eigenvalues (   eV  ) for nkpt=  28  k points:
 kpt#   1, nband= 16, wtk=  0.00926, kpt=  0.0833  0.0833  0.0833 (reduced coord)
 -11.78713 -11.78713  -6.40376  -6.40376  -1.72422  -1.72422   0.47853   0.47853
   0.70570   0.70570   2.00907   2.00907   4.34727   4.34727   4.71330   4.71330
 kpt#   2, nband= 16, wtk=  0.02778, kpt=  0.2500  0.0833  0.0833 (reduced coord)
 -11.46640 -11.46640  -7.08722  -7.08722  -1.70825  -1.70825   0.15080   0.15080
   0.93391   0.93391   1.62104   1.62104   3.17438   3.17438   4.47965   4.47965
 kpt#   3, nband= 16, wtk=  0.02778, kpt=  0.4167  0.0833  0.0833 (reduced coord)
 -10.67646 -10.67646  -8.35947  -8.35947  -1.64073  -1.64073  -0.40119  -0.40119
   0.84238   0.84238   1.42157   1.42157   2.31766   2.31766   3.47022   3.47022
 kpt#   4, nband= 16, wtk=  0.02778, kpt= -0.4167  0.0833  0.0833 (reduced coord)
  -9.97508  -9.97508  -9.21886  -9.21886  -1.17866  -1.17866  -1.05285  -1.05285
   0.47760   0.47760   1.63351   1.63351   2.42056   2.42056   2.78600   2.78600
 kpt#   5, nband= 16, wtk=  0.02778, kpt= -0.2500  0.0833  0.0833 (reduced coord)
 -10.93273 -10.93273  -7.95066  -7.95066  -1.52160  -1.52160  -0.31386  -0.31386
   0.25721   0.25721   1.83376   1.83376   2.61741   2.61741   3.67663   3.67663
 kpt#   6, nband= 16, wtk=  0.02778, kpt= -0.0833  0.0833  0.0833 (reduced coord)
 -11.60243 -11.60243  -6.76033  -6.76033  -1.73918  -1.73918   0.20286   0.20286
   0.67885   0.67885   1.83919   1.83919   3.66791   3.66791   4.69141   4.69141
 kpt#   7, nband= 16, wtk=  0.02778, kpt=  0.2500  0.2500  0.0833 (reduced coord)
 -11.34322 -11.34322  -7.22471  -7.22471  -1.94563  -1.94563  -0.46777  -0.46777
   0.29892   0.29892   2.46929   2.46929   3.55649   3.55649   4.89510   4.89510
 kpt#   8, nband= 16, wtk=  0.05556, kpt=  0.4167  0.2500  0.0833 (reduced coord)
 -10.76228 -10.76228  -7.99573  -7.99573  -2.28773  -2.28773  -1.48443  -1.48443
  -0.09926  -0.09926   2.87818   2.87818   3.88388   3.88388   4.98044   4.98044
 kpt#   9, nband= 16, wtk=  0.05556, kpt= -0.4167  0.2500  0.0833 (reduced coord)
  -9.87551  -9.87551  -9.06117  -9.06117  -2.40034  -2.40034  -2.02776  -2.02776
   0.18856   0.18856   2.00866   2.00866   4.19418   4.19418   4.80691   4.80691
 kpt#  10, nband= 16, wtk=  0.05556, kpt= -0.2500  0.2500  0.0833 (reduced coord)
 -10.33146 -10.33146  -8.57468  -8.57468  -2.42276  -2.42276  -1.31679  -1.31679
   0.34055   0.34055   1.73648   1.73648   3.23117   3.23117   5.17811   5.17811
 kpt#  11, nband= 16, wtk=  0.05556, kpt= -0.0833  0.2500  0.0833 (reduced coord)
 -11.11104 -11.11104  -7.60369  -7.60369  -1.88405  -1.88405  -0.32419  -0.32419
   0.20662   0.20662   2.17699   2.17699   2.75910   2.75910   4.68593   4.68593
 kpt#  12, nband= 16, wtk=  0.02778, kpt=  0.4167  0.4167  0.0833 (reduced coord)
 -10.47511 -10.47511  -8.03310  -8.03310  -3.02613  -3.02613  -2.24310  -2.24310
  -0.90906  -0.90906   3.57727   3.57727   4.94072   4.94072   5.87732   5.87732
 kpt#  13, nband= 16, wtk=  0.05556, kpt= -0.4167  0.4167  0.0833 (reduced coord)
  -9.94376  -9.94376  -8.58687  -8.58687  -3.45716  -3.45716  -2.51471  -2.51471
  -0.77325  -0.77325   3.49988   3.49988   4.87459   4.87459   6.35140   6.35141
 kpt#  14, nband= 16, wtk=  0.05556, kpt= -0.2500  0.4167  0.0833 (reduced coord)
  -9.42989  -9.42989  -9.36429  -9.36429  -3.11227  -3.11227  -2.05006  -2.05006
  -0.16961  -0.16961   2.23865   2.23865   4.70128   4.70128   6.07361   6.07361
 kpt#  15, nband= 16, wtk=  0.05556, kpt= -0.0833  0.4167  0.0833 (reduced coord)
 -10.19921 -10.19921  -8.85157  -8.85157  -1.96488  -1.96488  -0.97048  -0.97048
   0.07797   0.07797   1.76815   1.76815   2.89204   2.89204   4.10822   4.10822
 kpt#  16, nband= 16, wtk=  0.02778, kpt= -0.4167 -0.4167  0.0833 (reduced coord)
 -10.06635 -10.06635  -8.33310  -8.33310  -3.55397  -3.55397  -2.54883  -2.54883
  -1.13947  -1.13947   3.47987   3.47987   5.02634   5.02634   6.91794   6.91799
 kpt#  17, nband= 16, wtk=  0.05556, kpt= -0.2500 -0.4167  0.0833 (reduced coord)
 -10.21130 -10.21130  -8.44396  -8.44396  -2.87985  -2.87985  -2.21706  -2.21706
  -0.69769  -0.69769   3.21726   3.21726   4.80541   4.80541   5.45101   5.45101
 kpt#  18, nband= 16, wtk=  0.02778, kpt= -0.2500 -0.2500  0.0833 (reduced coord)
 -10.84807 -10.84807  -7.75160  -7.75160  -2.26241  -2.26241  -1.61831  -1.61831
  -0.59928  -0.59928   3.48017   3.48017   3.94012   3.94012   4.79797   4.79797
 kpt#  19, nband= 16, wtk=  0.00926, kpt=  0.2500  0.2500  0.2500 (reduced coord)
 -11.39049 -11.39049  -7.38451  -7.38451  -1.37906  -1.37906   0.36509   0.36509
   0.83834   0.83834   1.55494   1.55494   3.27582   3.27582   3.57715   3.57715
 kpt#  20, nband= 16, wtk=  0.02778, kpt=  0.4167  0.2500  0.2500 (reduced coord)
 -10.97472 -10.97472  -7.94070  -7.94070  -2.10101  -2.10101  -0.18041  -0.18041
   0.85060   0.85060   1.78518   1.78518   2.39651   2.39651   5.03901   5.03901
 kpt#  21, nband= 16, wtk=  0.02778, kpt= -0.4167  0.2500  0.2500 (reduced coord)
 -10.19133 -10.19133  -8.73846  -8.73846  -2.84066  -2.84066  -1.21402  -1.21402
   0.10004   0.10004   2.19263   2.19263   3.51093   3.51093   5.66399   5.66399
 kpt#  22, nband= 16, wtk=  0.02778, kpt= -0.2500  0.2500  0.2500 (reduced coord)
 -10.06173 -10.06173  -8.75655  -8.75655  -2.63440  -2.63440  -1.94558  -1.94558
  -0.55425  -0.55425   2.98177   2.98177   4.41394   4.41394   4.98523   4.98523
 kpt#  23, nband= 16, wtk=  0.02778, kpt=  0.4167  0.4167  0.2500 (reduced coord)
 -10.78132 -10.78132  -8.17361  -8.17361  -1.96217  -1.96217  -1.07091  -1.07091
   0.03647   0.03647   2.71357   2.71357   3.56915   3.56915   4.45913   4.45913
 kpt#  24, nband= 16, wtk=  0.05556, kpt= -0.4167  0.4167  0.2500 (reduced coord)
 -10.24277 -10.24277  -8.56532  -8.56532  -2.86194  -2.86194  -2.20622  -2.20622
   0.58638   0.58638   1.93135   1.93135   5.08017   5.08017   5.72754   5.72754
 kpt#  25, nband= 16, wtk=  0.05556, kpt= -0.2500  0.4167  0.2500 (reduced coord)
  -9.73745  -9.73745  -8.92988  -8.92988  -3.20473  -3.20473  -2.75299  -2.75299
   0.26314   0.26314   2.16455   2.16455   5.42239   5.42239   6.45470   6.45474
 kpt#  26, nband= 16, wtk=  0.02778, kpt= -0.4167 -0.4167  0.2500 (reduced coord)
 -10.05428 -10.05428  -8.63139  -8.63139  -3.37124  -3.37124  -1.96375  -1.96375
  -0.65119  -0.65119   3.30727   3.30727   4.83815   4.83815   5.97477   5.97477
 kpt#  27, nband= 16, wtk=  0.00926, kpt=  0.4167  0.4167  0.4167 (reduced coord)
 -10.77419 -10.77419  -8.48347  -8.48347  -0.90916  -0.90916  -0.10892  -0.10892
   1.11925   1.11925   1.43065   1.43065   2.34262   2.34262   2.58253   2.58253
 kpt#  28, nband= 16, wtk=  0.02778, kpt= -0.4167  0.4167  0.4167 (reduced coord)
 -10.46041 -10.46041  -8.65267  -8.65267  -2.15073  -2.15073  -0.88704  -0.88704
   0.39688   0.39688   2.03330   2.03330   3.15829   3.15829   4.64756   4.64756
