+----------------------------------------------------------------------+
| starting wcc calculation                                             |
|                                                                      |
| gap_tol             0.02                                             |
| iterator            [14, 18, 22, 26, 30, 34, 38, 42, 46, 50, 54, 58] |
| min_neighbour_dist  0.001                                            |
| no_iter             False                                            |
| no_neighbour_check  False                                            |
| num_strings         61                                               |
| use_pickle          True                                             |
| verbose             True                                             |
| wcc_tol             0.01                                             |
+----------------------------------------------------------------------+
calculating string at kx = 0.0000
    N = 14 (0.918)
        WCC positions: 
        [0.0154741386369, 0.0154741388081, 0.018691739023, 
        0.0186917391694, 0.495320740534, 0.495320741887, 
        0.784804427094, 0.784804427815, 0.818000770197, 
        0.818000770594, 0.882099454521, 0.882099455226, 
        0.99503479342, 0.995034793599, 0.99781826449, 
        0.997818264564, 0.998342238113, 0.998342238235]
    N = 18 (0.942)
        WCC positions: 
        [0.0154795619007, 0.0154795620808, 0.0187049576456, 
        0.0187049577857, 0.495196960441, 0.495196961899, 
        0.784801426055, 0.784801426743, 0.81825609157, 
        0.818256091942, 0.881669200593, 0.881669201309, 
        0.995052351997, 0.995052352164, 0.997823312117, 
        0.997823312183, 0.998343449469, 0.998343449579]
finished!

calculating string at kx = 0.0083
    N = 14 (0.913)
        WCC positions: 
        [0.0151773041152, 0.0156218672715, 0.0186765215297, 
        0.0188673403233, 0.493991997882, 0.49660389972, 
        0.783766051652, 0.785844297097, 0.817178626511, 
        0.818895250408, 0.881575865777, 0.882673073579, 
        0.995014661941, 0.995058455891, 0.997789170196, 
        0.997845031718, 0.998316469218, 0.998366689763]
    N = 18 (0.939)
        WCC positions: 
        [0.0151774763154, 0.0156299395091, 0.0186919506204, 
        0.0188813296965, 0.493860807504, 0.496486351892, 
        0.783745514756, 0.785854854008, 0.817424005074, 
        0.819161919158, 0.881147060517, 0.882244825132, 
        0.995032217841, 0.995075882011, 0.997794161171, 
        0.997849982168, 0.998317597499, 0.998367927858]
finished!

calculating string at kx = 0.0167
    N = 14 (0.909)
        WCC positions: 
        [0.0147913176045, 0.0155991191016, 0.0188265969946, 
        0.0191581313962, 0.492670975531, 0.497794332058, 
        0.782769886102, 0.786852546101, 0.816460386315, 
        0.819822950223, 0.881118838667, 0.883273119768, 
        0.994998285249, 0.995085366602, 0.997758225838, 
        0.997869076299, 0.998289753806, 0.99838956368]
    N = 18 (0.937)
        WCC positions: 
        [0.0147855887065, 0.0156064436983, 0.0188470141768, 
        0.0191748322054, 0.492531742413, 0.497681599951, 
        0.78273035421, 0.786871936013, 0.816698157251, 
        0.820101361227, 0.880694866904, 0.882850453551, 
        0.995015724395, 0.995102580964, 0.997763065146, 
        0.997873836719, 0.998290735438, 0.998390746447]
finished!

calculating string at kx = 0.0250
    N = 14 (0.907)
        WCC positions: 
        [0.0143712159811, 0.0154434158017, 0.0190904170964, 
        0.0195186201799, 0.491409571896, 0.498857420448, 
        0.781858330758, 0.78780949822, 0.815865203283, 
        0.820744591786, 0.880736992778, 0.883873502678, 
        0.994985881274, 0.995115271306, 0.997726120306, 
        0.997890314164, 0.998262502551, 0.998410724816]
    N = 18 (0.936)
        WCC positions: 
        [0.0143601364113, 0.0154477889686, 0.0191166748828, 
        0.0195392707194, 0.491262727239, 0.49874858777, 
        0.781800029919, 0.787832117612, 0.816098084166, 
        0.821033851985, 0.880320650466, 0.883459694011, 
        0.995003102876, 0.995132199295, 0.997730718778, 
        0.997894767552, 0.998263325745, 0.998411797203]
finished!

calculating string at kx = 0.0333
    N = 14 (0.906)
        WCC positions: 
        [0.0139528583099, 0.0152115062396, 0.019403944343, 
        0.0199139416648, 0.490251172195, 0.49977393561, 
        0.781067058911, 0.788708387587, 0.815398242099, 
        0.821626592243, 0.880430819801, 0.884449688156, 
        0.994977619677, 0.995147861998, 0.997693487678, 
        0.99790885494, 0.998235151881, 0.998430187046]
    N = 18 (0.937)
        WCC positions: 
        [0.0139375650365, 0.0152124125435, 0.0194350466993, 
        0.0199393964322, 0.490097586625, 0.499667546735, 
        0.780992742406, 0.788729789298, 0.815628721782, 
        0.821924521845, 0.880023870806, 0.884046586894, 
        0.994994503384, 0.995164519482, 0.997697759977, 
        0.997912898004, 0.998235787829, 0.998431101192]
finished!

calculating string at kx = 0.0417
    N = 14 (0.907)
        WCC positions: 
        [0.0135566918269, 0.0149460236582, 0.0197249424992, 
        0.0203168956996, 0.489226483719, 0.50053827858, 
        0.780420508162, 0.78955230488, 0.815053331587, 
        0.822444554919, 0.880194864994, 0.884981503314, 
        0.994973575037, 0.995182899776, 0.997660939015, 
        0.997924968693, 0.998208046128, 0.998448083638]
    N = 18 (0.939)
        WCC positions: 
        [0.0135384700819, 0.0149437587909, 0.0197595262155, 
        0.0203471049679, 0.4890679507, 0.500433126124, 
        0.780334178806, 0.789569378785, 0.815283305077, 
        0.82274823916, 0.879798315929, 0.884589798635, 
        0.994990070234, 0.995199274688, 0.997664884938, 
        0.997928535264, 0.998208504493, 0.99844878939]
finished!

calculating string at kx = 0.0500
    N = 14 (0.910)
        WCC positions: 
        [0.0131929892211, 0.0146723795887, 0.0200326659033, 
        0.0207070783069, 0.488352416987, 0.501156323374, 
        0.779930062605, 0.790350415027, 0.814816386536, 
        0.823183917442, 0.880019917044, 0.885455285769, 
        0.994973803971, 0.995220134668, 0.997628917342, 
        0.997938982355, 0.998181504277, 0.998464602594]
    N = 18 (0.941)
        WCC positions: 
        [0.0131730761308, 0.014667513382, 0.0200696267283, 
        0.0207412044231, 0.488191409503, 0.501051517878, 
        0.779836142495, 0.790361376213, 0.815047302139, 
        0.823490406538, 0.879634219086, 0.88507472831, 
        0.99498987185, 0.995236232838, 0.99763256303, 
        0.997942042814, 0.998181808309, 0.998465062287]
finished!

calculating string at kx = 0.0583
    N = 14 (0.913)
        WCC positions: 
        [0.0128661947506, 0.0144048091471, 0.0203180416404, 
        0.0210711288143, 0.487633418588, 0.501640310018, 
        0.77959614966, 0.791113862618, 0.814669987585, 
        0.823838455594, 0.879895330064, 0.885863371459, 
        0.994978286461, 0.995259254955, 0.997597841197, 
        0.997951324989, 0.998155719374, 0.998479953001]
    N = 18 (0.945)
        WCC positions: 
        [0.0128454427008, 0.014398057681, 0.020356526813, 
        0.0211079951537, 0.487472115, 0.50153517767, 
        0.779498449697, 0.791117899022, 0.814902386467, 
        0.824145027767, 0.879520102676, 0.885492905609, 
        0.994993921285, 0.995275144729, 0.997601200996, 
        0.997953829352, 0.9981558969, 0.998480138582]
finished!

calculating string at kx = 0.0667
    N = 14 (0.918)
        WCC positions: 
        [0.0125768806184, 0.0141509197981, 0.0205775448734, 
        0.0214018329874, 0.487065022525, 0.502007114116, 
        0.779409087366, 0.79185167164, 0.814596835287, 
        0.824408759721, 0.879810971198, 0.886204336895, 
        0.99498693929, 0.995300009496, 0.997567905322, 
        0.997962356942, 0.998130836929, 0.998494346124]
    N = 18 (0.948)
        WCC positions: 
        [0.0125560771552, 0.014142860865, 0.0206169199403, 
        0.0214402920399, 0.486905336373, 0.501901142552, 
        0.779311159823, 0.791849285456, 0.814830566054, 
        0.824713137039, 0.879445473678, 0.885842542806, 
        0.995002154951, 0.995315688561, 0.997571031127, 
        0.99796428319, 0.998130935789, 0.998494260905]
finished!

calculating string at kx = 0.0750
    N = 14 (0.923)
        WCC positions: 
        [0.0123236896597, 0.0139146057517, 0.0208102309783, 
        0.0216964543085, 0.486634974356, 0.502273512681, 
        0.779353500097, 0.792570376419, 0.814580792274, 
        0.824899110751, 0.879757040962, 0.886480176759, 
        0.994999560535, 0.99534214277, 0.997539193053, 
        0.997972428417, 0.998106944674, 0.998507903926]
    N = 18 (0.952)
        WCC positions: 
        [0.0123033375484, 0.0139056212267, 0.0208499868669, 
        0.0217355866204, 0.486478337308, 0.502166747764, 
        0.779257810353, 0.792562396368, 0.81481550053, 
        0.825199926031, 0.879400273278, 0.886125804256, 
        0.995014360164, 0.995357647639, 0.99754215173, 
        0.997973784443, 0.998106986596, 0.998507564417]
finished!

calculating string at kx = 0.0833
    N = 14 (0.928)
        WCC positions: 
        [0.0121043734602, 0.0136976119173, 0.0210165013437, 
        0.0219553389316, 0.486328443341, 0.50245676332, 
        0.77941140099, 0.793273672723, 0.81460848001, 
        0.825316459458, 0.879725587408, 0.886696223369, 
        0.99501594657, 0.99538533195, 0.997511758716, 
        0.997981778164, 0.998084068779, 0.998520834724]
    N = 18 (0.956)
        WCC positions: 
        [0.0120848058513, 0.0136880749619, 0.0210563654628, 
        0.0219944623976, 0.486175776699, 0.502349247028, 
        0.779319988763, 0.793261585211, 0.814843720915, 
        0.825613028926, 0.879376521418, 0.886347986112, 
        0.995030340087, 0.995400679596, 0.997514565491, 
        0.997982596945, 0.998084107145, 0.998520257582]
finished!

calculating string at kx = 0.0917
    N = 14 (0.933)
        WCC positions: 
        [0.0119160909275, 0.0135003864347, 0.02119765892, 
        0.0221803906984, 0.486128578321, 0.50257222023, 
        0.779563292208, 0.793962297858, 0.814669155069, 
        0.825668954972, 0.879710153418, 0.886859255257, 
        0.995035776267, 0.995429329854, 0.99748554992, 
        0.997990604942, 0.998062216177, 0.998533238197]
    N = 18 (0.960)
        WCC positions: 
        [0.0118974281161, 0.0134905430286, 0.0212374080983, 
        0.0222191854784, 0.485980554393, 0.50246454459, 
        0.77947720093, 0.79394720693, 0.814904524429, 
        0.825960982571, 0.879367817765, 0.886516398625, 
        0.995049770262, 0.995444529091, 0.997488246166, 
        0.997990927842, 0.998062274912, 0.998532433982]
finished!

calculating string at kx = 0.1000
    N = 14 (0.938)
        WCC positions: 
        [0.011755887852, 0.0133225692875, 0.0213554630641, 
        0.0223746576509, 0.486018221099, 0.502633428432, 
        0.779790557828, 0.794635289857, 0.814754391664, 
        0.825964939389, 0.879705589948, 0.886976756463, 
        0.995058642493, 0.995473811626, 0.997460516814, 
        0.997999101452, 0.99804137505, 0.998545174544]
    N = 18 (0.963)
        WCC positions: 
        [0.0117381870122, 0.0133125780433, 0.0213948849009, 
        0.022412797906, 0.485874605816, 0.502525410412, 
        0.779710052309, 0.794617940191, 0.814989377614, 
        0.826252215551, 0.879368706752, 0.886638071018, 
        0.995072241699, 0.995488881843, 0.997463118208, 
        0.997998880104, 0.998041506644, 0.998544171346]
finished!

calculating string at kx = 0.1083
    N = 14 (0.943)
        WCC positions: 
        [0.0116207121659, 0.0131633487229, 0.0214918320945, 
        0.0225411479408, 0.485980756831, 0.502651309639, 
        0.78007470789, 0.795289122425, 0.814857850943, 
        0.826212114875, 0.879707702003, 0.887055677426, 
        0.9950841181, 0.995518504455, 0.99743656409, 
        0.998007242832, 0.998021602175, 0.998556619771]
    N = 18 (0.964)
        WCC positions: 
        [0.0116040291937, 0.0131533252024, 0.0215308516461, 
        0.0225785127946, 0.485841698829, 0.502543189451, 
        0.780000459876, 0.795270947394, 0.815092121432, 
        0.826494826336, 0.879375500178, 0.886720493396, 
        0.995097381386, 0.995533443822, 0.997439090946, 
        0.998006231587, 0.998022157362, 0.998555468528]
finished!

calculating string at kx = 0.1167
    N = 14 (0.947)
        WCC positions: 
        [0.0115080034259, 0.0130217534014, 0.0216088834256, 
        0.0226833348157, 0.48600130781, 0.502635434778, 
        0.780401012327, 0.795921370317, 0.814974390024, 
        0.826417737197, 0.879713460879, 0.887102759216, 
        0.995111775122, 0.995563092945, 0.997413622416, 
        0.998002131608, 0.998015802703, 0.998567656715]
    N = 18 (0.966)
        WCC positions: 
        [0.0114922941756, 0.0130117248029, 0.0216474180892, 
        0.022719771581, 0.485866615912, 0.502527679519, 
        0.78033241482, 0.795902614781, 0.815207817574, 
        0.826696164103, 0.8793850756, 0.886770676542, 
        0.995124696143, 0.995577913358, 0.997416044387, 
        0.99800127459, 0.998015871004, 0.99856636869]
finished!

calculating string at kx = 0.1250
    N = 14 (0.950)
        WCC positions: 
        [0.0114151285819, 0.0128965500147, 0.0217086447772, 
        0.0228041837078, 0.486066514849, 0.502593721435, 
        0.780754806635, 0.796527556337, 0.815100056375, 
        0.826588008396, 0.879720646446, 0.887124192955, 
        0.995141138039, 0.99560725202, 0.997391568549, 
        0.997984163923, 0.998023567582, 0.998578245674]
    N = 18 (0.967)
        WCC positions: 
        [0.0114004115304, 0.0128866690844, 0.0217466484439, 
        0.0228397445532, 0.485936042493, 0.502486387235, 
        0.780692004588, 0.796509164887, 0.815332683656, 
        0.826862601781, 0.879395415204, 0.886794647228, 
        0.995153750191, 0.995621992498, 0.997393940593, 
        0.997983796532, 0.998022849526, 0.998576841159]
finished!

calculating string at kx = 0.1333
    N = 14 (0.951)
        WCC positions: 
        [0.0113398935188, 0.0127865717641, 0.0217931426286, 
        0.0229066283245, 0.486164766111, 0.502532643504, 
        0.781124417777, 0.797104365254, 0.815231942823, 
        0.826728788563, 0.87972771085, 0.887125367487, 
        0.995171680549, 0.995650754859, 0.997370409299, 
        0.997966926565, 0.99803124379, 0.998588363286]
    N = 18 (0.969)
        WCC positions: 
        [0.0113260388793, 0.0127769513314, 0.0218305840263, 
        0.0229413121337, 0.486037932758, 0.50242549817, 
        0.781067151509, 0.797086837838, 0.815463491542, 
        0.826999713096, 0.879404779467, 0.886797630158, 
        0.995183992019, 0.99566537574, 0.997372734925, 
        0.997966654434, 0.998030160641, 0.998586883627]
finished!

calculating string at kx = 0.1417
    N = 14 (0.953)
        WCC positions: 
        [0.01128002859, 0.0126907544202, 0.0218643107047, 
        0.0229931233874, 0.486285720204, 0.502457220723, 
        0.781499555089, 0.797648429153, 0.815367158752, 
        0.826844683271, 0.879733257772, 0.887110555235, 
        0.995202917853, 0.995693225659, 0.997350105665, 
        0.99795050278, 0.99803868099, 0.99859801708]
    N = 18 (0.971)
        WCC positions: 
        [0.0112670517069, 0.0126813854658, 0.0219011617525, 
        0.0230269592855, 0.486162303901, 0.502350363258, 
        0.781447200542, 0.797631872671, 0.815597704556, 
        0.827112270725, 0.879412254583, 0.88678438946, 
        0.995214981056, 0.995707748646, 0.997352381486, 
        0.997950256518, 0.998037347052, 0.998596442367]
finished!

calculating string at kx = 0.1500
    N = 14 (0.955)
        WCC positions: 
        [0.0112337142134, 0.0126079433322, 0.0219238661346, 
        0.0230660913654, 0.48642062911, 0.502371918067, 
        0.781871783934, 0.798157083877, 0.815503293255, 
        0.826939770635, 0.879736684767, 0.887083806816, 
        0.995234369834, 0.995734399794, 0.997330647482, 
        0.997934910589, 0.998045873402, 0.998607079773]
    N = 18 (0.973)
        WCC positions: 
        [0.0112215257156, 0.0125987866218, 0.0219600928591, 
        0.0230990032594, 0.486300318434, 0.502265153431, 
        0.781824049349, 0.798141796422, 0.815732867497, 
        0.827204298105, 0.879417161601, 0.88675878054, 
        0.995246264598, 0.99574884663, 0.997332828386, 
        0.997934699419, 0.998044301339, 0.99860545706]
finished!

calculating string at kx = 0.1583
    N = 14 (0.957)
        WCC positions: 
        [0.011199102368, 0.0125371094607, 0.0219735137204, 
        0.023127343265, 0.486562233799, 0.502280053775, 
        0.782233850915, 0.79862782241, 0.815638251638, 
        0.827017471213, 0.879737624475, 0.887048189941, 
        0.995265621472, 0.995774008567, 0.997312015964, 
        0.997920180086, 0.99805265494, 0.998615569866]
    N = 18 (0.974)
        WCC positions: 
        [0.0111877092513, 0.0125282302336, 0.0220091760694, 
        0.0231595584845, 0.486444663334, 0.502173586835, 
        0.782190469146, 0.798614108183, 0.815866843705, 
        0.82727938202, 0.879419165876, 0.886724128401, 
        0.995277324975, 0.995788359784, 0.997314150584, 
        0.997919971844, 0.998050953596, 0.99861389934]
finished!

calculating string at kx = 0.1667
    N = 14 (0.960)
        WCC positions: 
        [0.0111746834483, 0.0124773147597, 0.0220147465532, 
        0.0231787127014, 0.486703834015, 0.502184578965, 
        0.782579975201, 0.799059061772, 0.81576969576, 
        0.827080663643, 0.879735647078, 0.887006335625, 
        0.995296212892, 0.995811734602, 0.99729428891, 
        0.997906320058, 0.998059047016, 0.998623423985]
    N = 18 (0.975)
        WCC positions: 
        [0.0111639311238, 0.0124687010754, 0.0220498606806, 
        0.0232101705826, 0.486588725482, 0.502078402078, 
        0.782540087843, 0.79904663517, 0.815997296137, 
        0.827340145514, 0.879417913671, 0.886683016268, 
        0.995307736803, 0.995826017135, 0.997296358221, 
        0.997906091553, 0.998057170948, 0.998621712607]
finished!

calculating string at kx = 0.1750
    N = 14 (0.961)
        WCC positions: 
        [0.0111588889917, 0.0124277059906, 0.0220489561987, 
        0.0232215377719, 0.48684011296, 0.502087861004, 
        0.782904744443, 0.799449105, 0.81589558537, 0.827131695658, 
        0.879730692092, 0.886960364866, 0.995325731348, 
        0.99584733365, 0.997277501095, 0.997893342447, 
        0.998064890203, 0.998630581949]
    N = 18 (0.976)
        WCC positions: 
        [0.0111487359566, 0.012419338251, 0.0220835630527, 
        0.0232524259285, 0.486727134435, 0.501981975015, 
        0.782868353784, 0.799438274033, 0.816122379305, 
        0.827389167662, 0.879413464711, 0.886637652524, 
        0.995337142022, 0.995861552437, 0.997279491737, 
        0.997893100081, 0.998062921654, 0.998628847311]
finished!

calculating string at kx = 0.1833
    N = 14 (0.961)
        WCC positions: 
        [0.0111503919122, 0.0123874916214, 0.0220773972911, 
        0.0232573267445, 0.48696654658, 0.501992100141, 
        0.78320465807, 0.799797525737, 0.816013808043, 
        0.827172686923, 0.879722872702, 0.88691207766, 
        0.995353802094, 0.995880507887, 0.997261708216, 
        0.997881301857, 0.998070176998, 0.998636989666]
    N = 18 (0.977)
        WCC positions: 
        [0.0111407136819, 0.0123793772482, 0.022111499858, 
        0.0232875691408, 0.486855368599, 0.501886356601, 
        0.783171030131, 0.79978800452, 0.816239858544, 
        0.827428330274, 0.879405964304, 0.886589804742, 
        0.99536511971, 0.995894695601, 0.997263606336, 
        0.997881055984, 0.998068094662, 0.998635241767]
finished!

calculating string at kx = 0.1917
    N = 14 (0.962)
        WCC positions: 
        [0.0111478220417, 0.0123560340257, 0.0221011578247, 
        0.0232870532309, 0.487079095298, 0.501898693721, 
        0.783476251209, 0.80010372273, 0.816122301766, 
        0.827205195058, 0.879712278057, 0.886862752909, 
        0.995380108247, 0.995911025332, 0.997246954238, 
        0.997870243055, 0.998074811152, 0.998642634566]
    N = 18 (0.977)
        WCC positions: 
        [0.0111386565689, 0.0123481506837, 0.0221348525458, 
        0.0233167926013, 0.486969591257, 0.501793288717, 
        0.783444962176, 0.80009535421, 0.816347835922, 
        0.827459430754, 0.879395562752, 0.886540871249, 
        0.995391351825, 0.995925164647, 0.997248795818, 
        0.997869982105, 0.998072646876, 0.998640870093]
finished!

calculating string at kx = 0.2000
    N = 14 (0.963)
        WCC positions: 
        [0.0111501245881, 0.0123327363768, 0.0221212165936, 
        0.0233117127535, 0.487174316629, 0.501808998333, 
        0.783716733965, 0.800367485109, 0.81621901254, 
        0.827230483874, 0.879698961388, 0.88681335934, 
        0.99540432648, 0.99593861572, 0.997233356177, 
        0.997860206116, 0.998078742307, 0.998647438871]
    N = 18 (0.977)
        WCC positions: 
        [0.0111414355392, 0.012325096823, 0.0221545622153, 
        0.0233410169306, 0.487066490859, 0.501704125832, 
        0.783687676555, 0.800360326293, 0.816444331684, 
        0.827483761864, 0.879382519341, 0.886491986324, 
        0.99541554083, 0.995952738473, 0.997235158567, 
        0.997859921553, 0.998076520137, 0.998645668335]
finished!

calculating string at kx = 0.2083
    N = 14 (0.964)
        WCC positions: 
        [0.0111563240036, 0.0123171464269, 0.0221384683475, 
        0.0233320310455, 0.487249960086, 0.501724662871, 
        0.783923969423, 0.800588794993, 0.816302452161, 
        0.827249944307, 0.879683417161, 0.886765150436, 
        0.995426217961, 0.995963141644, 0.997221031752, 
        0.997851239929, 0.998081887891, 0.998651395502]
    N = 18 (0.977)
        WCC positions: 
        [0.0111479904617, 0.012309674382, 0.02217148838, 
        0.0233609899487, 0.487143348602, 0.501620107779, 
        0.783896841988, 0.800582757177, 0.816527569371, 
        0.827502488071, 0.879367036863, 0.886444023736, 
        0.995437387986, 0.995977248495, 0.997222787084, 
        0.997850926636, 0.998079593957, 0.9986496101]
finished!

calculating string at kx = 0.2167
    N = 14 (0.965)
        WCC positions: 
        [0.0111655672295, 0.0123087722321, 0.0221535821378, 
        0.0233488207665, 0.48730370878, 0.501646539201, 
        0.784096795802, 0.800768322634, 0.816370766487, 
        0.827264466744, 0.879665827056, 0.88671868035, 
        0.995445544428, 0.995984332063, 0.99721007989, 
        0.997843387511, 0.998084238739, 0.998654448394]
    N = 18 (0.978)
        WCC positions: 
        [0.0111575094973, 0.0123014732757, 0.0221863243831, 
        0.0233774847909, 0.487198076327, 0.501542175179, 
        0.784071030113, 0.800763032003, 0.816595814254, 
        0.827516387064, 0.879349434935, 0.886397629689, 
        0.995456711029, 0.995998425425, 0.997211755362, 
        0.997843054927, 0.998081891989, 0.998652644234]
finished!

calculating string at kx = 0.2250
    N = 14 (0.965)
        WCC positions: 
        [0.0111770152275, 0.0123072759783, 0.0221671059717, 
        0.023362447922, 0.487333717925, 0.501575269784, 
        0.784233511918, 0.80090605036, 0.81642262897, 
        0.827274749215, 0.879646239596, 0.886674273072, 
        0.995462117883, 0.996002045704, 0.997200560979, 
        0.997836692467, 0.998085723478, 0.998656569955]
    N = 18 (0.978)
        WCC positions: 
        [0.0111691558921, 0.012300136485, 0.0221996424626, 
        0.0233908333173, 0.487228660037, 0.501470925671, 
        0.784208668108, 0.800901208087, 0.816647633142, 
        0.827526197538, 0.879329780921, 0.886353221791, 
        0.9954733175, 0.996016145035, 0.997202188815, 
        0.997836348478, 0.998083345387, 0.998654763415]
finished!

calculating string at kx = 0.2333
    N = 14 (0.965)
        WCC positions: 
        [0.0111900752543, 0.0123123726366, 0.0221795062664, 
        0.0233733600972, 0.487338755504, 0.501511449838, 
        0.784333343653, 0.80100246789, 0.816456753447, 
        0.827281247198, 0.879624926193, 0.886632308034, 
        0.995475837457, 0.996016150083, 0.997192588822, 
        0.997831191961, 0.998086335133, 0.998657752722]
    N = 18 (0.978)
        WCC positions: 
        [0.0111823933119, 0.0123053758446, 0.0222118540094, 
        0.0234015364923, 0.48723403212, 0.501407076278, 
        0.78430913099, 0.800997909025, 0.816681823576, 
        0.827532429999, 0.879308324929, 0.886311132566, 
        0.995487037294, 0.996030272126, 0.997194178238, 
        0.997830837622, 0.998083898483, 0.998655933015]
finished!

calculating string at kx = 0.2417
    N = 14 (0.964)
        WCC positions: 
        [0.011204326696, 0.0123238620635, 0.0221910407442, 
        0.0233818208835, 0.487317827439, 0.501455413899, 
        0.784395557603, 0.801057843566, 0.81647240197, 
        0.827284460469, 0.879601926527, 0.886592928113, 
        0.995486561335, 0.996026555396, 0.997186225337, 
        0.997826908666, 0.998086002348, 0.99865796646]
    N = 18 (0.978)
        WCC positions: 
        [0.0111967644232, 0.0123169475297, 0.0222232864982, 
        0.0234098942439, 0.487213174224, 0.501350971066, 
        0.78437178531, 0.801053439312, 0.816697626983, 
        0.827535566345, 0.879285091938, 0.886271499826, 
        0.995497765655, 0.996040714648, 0.997187803264, 
        0.997826537492, 0.998083546802, 0.998656144161]
finished!

calculating string at kx = 0.2500
    N = 14 (0.964)
        WCC positions: 
        [0.0112195619456, 0.0123414917334, 0.0222019518671, 
        0.0233880734651, 0.487270573326, 0.50140744175, 
        0.784420101098, 0.801072686023, 0.816468958018, 
        0.827284566649, 0.87957731841, 0.886556247093, 
        0.995494241504, 0.996033199061, 0.997181562055, 
        0.997823839884, 0.998084821628, 0.99865721416]
    N = 18 (0.978)
        WCC positions: 
        [0.0112120166712, 0.0123346893925, 0.0222341373003, 
        0.0234160742537, 0.48716592286, 0.501302972955, 
        0.784396311774, 0.801068097103, 0.816694571712, 
        0.827535912556, 0.879260397342, 0.886234606268, 
        0.995505480788, 0.996047387209, 0.997183111045, 
        0.997823479969, 0.998082327128, 0.998655368481]
finished!

calculating string at kx = 0.2583
    N = 14 (0.964)
        WCC positions: 
        [0.011235588127, 0.0123651690068, 0.0222121722177, 
        0.0233920760839, 0.487196502796, 0.501367075899, 
        0.784406888069, 0.801047331563, 0.816446002965, 
        0.827281485729, 0.87955093496, 0.886521895624, 
        0.995498832865, 0.996036092523, 0.997178610024, 
        0.997822014513, 0.998082710252, 0.99865547197]
    N = 18 (0.978)
        WCC positions: 
        [0.0112280267069, 0.0123583959648, 0.0222444047873, 
        0.0234200612132, 0.487091851726, 0.501262740839, 
        0.784382683009, 0.801042223244, 0.816672246826, 
        0.827533368784, 0.879234000156, 0.886200098913, 
        0.99551013014, 0.996050299179, 0.997180142693, 
        0.997821658677, 0.998080200042, 0.998653613585]
finished!

calculating string at kx = 0.2667
    N = 14 (0.965)
        WCC positions: 
        [0.0112525403927, 0.0123947906114, 0.0222216797567, 
        0.023393730652, 0.487096492798, 0.501334884447, 
        0.784355993002, 0.800981893737, 0.816404057538, 
        0.827275487831, 0.879522913481, 0.886490189262, 
        0.99550040775, 0.996035201081, 0.997177415474, 
        0.997821395123, 0.998079683295, 0.998652753655]
    N = 18 (0.978)
        WCC positions: 
        [0.0112448858271, 0.0123880595871, 0.0222539929631, 
        0.0234218365081, 0.48699141545, 0.501230336074, 
        0.784331221904, 0.800976185259, 0.816630942025, 
        0.827528038182, 0.879205880133, 0.8861679327, 
        0.995511772462, 0.996049433694, 0.997178916799, 
        0.997821055844, 0.998077152699, 0.998650891417]
finished!

calculating string at kx = 0.2750
    N = 14 (0.966)
        WCC positions: 
        [0.0112705907151, 0.0124302716878, 0.0222301507493, 
        0.0233929041155, 0.486970692003, 0.501309751116, 
        0.784267965696, 0.800876577621, 0.816343145334, 
        0.827265996505, 0.879492883198, 0.886460382456, 
        0.995498986408, 0.996030600247, 0.99717793988, 
        0.997821951986, 0.998075830972, 0.998649068617]
    N = 18 (0.978)
        WCC positions: 
        [0.0112628301329, 0.0124235264034, 0.0222626126517, 
        0.0234211198412, 0.486865103991, 0.501205214696, 
        0.784242187586, 0.800869961683, 0.816570867378, 
        0.827519507714, 0.879175792856, 0.886137766844, 
        0.995510419209, 0.996044886984, 0.997179452187, 
        0.997821639491, 0.998073267559, 0.998647177677]
finished!

calculating string at kx = 0.2833
    N = 14 (0.965)
        WCC positions: 
        [0.0112901802177, 0.0124716543651, 0.0222372969721, 
        0.0233892220198, 0.486820406816, 0.501291505259, 
        0.784143625355, 0.800731654446, 0.816264265111, 
        0.827252860531, 0.879460666761, 0.886432242004, 
        0.995494693946, 0.996022409305, 0.997180170091, 
        0.997823647042, 0.998071173964, 0.998644420299]
    N = 18 (0.978)
        WCC positions: 
        [0.0112821853147, 0.0124649366875, 0.0222699585253, 
        0.0234176039713, 0.486714143138, 0.501186925324, 
        0.784116549941, 0.800723965086, 0.81649302587, 
        0.82750761788, 0.879143556332, 0.886109213496, 
        0.995506216747, 0.996036765669, 0.997181686415, 
        0.997823375052, 0.998068551252, 0.998642537262]
finished!

calculating string at kx = 0.2917
    N = 14 (0.963)
        WCC positions: 
        [0.0113118340574, 0.0125190704521, 0.0222425373297, 
        0.0233822388205, 0.486646996142, 0.501279376963, 
        0.78398407748, 0.800547345879, 0.816168386205, 
        0.827235465394, 0.879425992769, 0.88640526799, 
        0.995487628165, 0.9960107902, 0.997184093987, 
        0.997826421911, 0.998065764605, 0.998638826497]
    N = 18 (0.977)
        WCC positions: 
        [0.01130358902, 0.012512289669, 0.0222754622347, 
        0.023410899658, 0.486539712056, 0.501174620345, 
        0.783955237411, 0.800538182192, 0.816398223064, 
        0.827491648934, 0.879108701644, 0.886081628394, 
        0.995499250775, 0.996025214121, 0.997185620307, 
        0.997826191603, 0.998063131264, 0.998636918914]
finished!

calculating string at kx = 0.3000
    N = 14 (0.962)
        WCC positions: 
        [0.0113362280841, 0.0125726582125, 0.0222452690792, 
        0.0233714538031, 0.48645219535, 0.501272244218, 
        0.783790864116, 0.800323898667, 0.816056557987, 
        0.82721291645, 0.879388408243, 0.886378532271, 
        0.995477975013, 0.995995881314, 0.997189624853, 
        0.997830180464, 0.998059703739, 0.998632337937]
    N = 18 (0.977)
        WCC positions: 
        [0.0113276434468, 0.0125658164835, 0.0222784742899, 
        0.0234003865051, 0.486343654393, 0.501167247202, 
        0.783759838727, 0.800313077696, 0.816287617054, 
        0.827470788145, 0.879070911838, 0.886054214168, 
        0.995489718405, 0.99601035523, 0.997191176397, 
        0.997829995995, 0.998057054756, 0.99863041521]
finished!

calculating string at kx = 0.3083
    N = 14 (0.961)
        WCC positions: 
        [0.0113641508564, 0.0126327336882, 0.0222446308099, 
        0.0233560851312, 0.486238309453, 0.501269079649, 
        0.783565718249, 0.800061633975, 0.815930319396, 
        0.82718431094, 0.879347551259, 0.886351274771, 
        0.995465981282, 0.995977871427, 0.997196684176, 
        0.997834812808, 0.998053145461, 0.998624967322]
    N = 18 (0.977)
        WCC positions: 
        [0.011355154506, 0.0126257756358, 0.0222781907072, 
        0.023385365679, 0.486128203983, 0.501163695521, 
        0.783532125367, 0.800048969408, 0.816162744577, 
        0.827444127669, 0.879029786364, 0.886026118219, 
        0.99547783942, 0.99599244803, 0.997198272493, 
        0.997834703621, 0.998050453244, 0.998623023912]
finished!

calculating string at kx = 0.3167
    N = 14 (0.961)
        WCC positions: 
        [0.0113965279667, 0.0126996162205, 0.0222396918733, 
        0.0233351592588, 0.486008155359, 0.501268538538, 
        0.783310806918, 0.799761015411, 0.815791201279, 
        0.827148346868, 0.879303135586, 0.886322441648, 
        0.995451854381, 0.99595702314, 0.997205194426, 
        0.99784017839, 0.998046171116, 0.998616751336]
    N = 18 (0.977)
        WCC positions: 
        [0.0113870942177, 0.0126925761539, 0.0222736618828, 
        0.023365003382, 0.485896326509, 0.501162840914, 
        0.783274723967, 0.799746750272, 0.816025132259, 
        0.827410467749, 0.878984978489, 0.88599630619, 
        0.995463895546, 0.995971690977, 0.997206859781, 
        0.997840160751, 0.998043454311, 0.99861481483]
finished!

calculating string at kx = 0.3250
    N = 14 (0.961)
        WCC positions: 
        [0.0114343655552, 0.0127739035465, 0.0222293690655, 
        0.023307835324, 0.485764674313, 0.501268895036, 
        0.783029520927, 0.799423241691, 0.815640759803, 
        0.827103479575, 0.879254546255, 0.886290544524, 
        0.99543593375, 0.995933575321, 0.997215107037, 
        0.997846117457, 0.998039071816, 0.998607734739]
    N = 18 (0.975)
        WCC positions: 
        [0.0114244553578, 0.012766653382, 0.0222637827292, 
        0.0233382490388, 0.485650956055, 0.501162769003, 
        0.782990272354, 0.799407080742, 0.815876324389, 
        0.827368166223, 0.878935920556, 0.885963252993, 
        0.995448117976, 0.995948307056, 0.997216811982, 
        0.997846206759, 0.998036343344, 0.998605786593]
finished!

calculating string at kx = 0.3333
    N = 14 (0.960)
        WCC positions: 
        [0.011478884594, 0.0128560806435, 0.022212464674, 
        0.0232728714242, 0.485511985847, 0.501268373674, 
        0.782725389152, 0.799049469404, 0.815480703302, 
        0.827047797102, 0.879201610049, 0.886254011167, 
        0.99541848527, 0.995907753662, 0.997226342629, 
        0.997852398906, 0.998032087663, 0.998597967269]
    N = 18 (0.974)
        WCC positions: 
        [0.0114683917571, 0.0128486537223, 0.0222473424719, 
        0.0233038453685, 0.485395927913, 0.50116187055, 
        0.782682336582, 0.79903114012, 0.815718087912, 
        0.827315468136, 0.878882211235, 0.885925492328, 
        0.995430839951, 0.995922607254, 0.99722811077, 
        0.99785260429, 0.998029306443, 0.99859601254]
finished!

calculating string at kx = 0.3417
    N = 14 (0.958)
        WCC positions: 
        [0.0115312449506, 0.01294692207, 0.0221875504368, 
        0.0232286815723, 0.485254500362, 0.501264755944, 
        0.782402435687, 0.798641061751, 0.815312726956, 
        0.826979010757, 0.879144016239, 0.886210951709, 
        0.995399852859, 0.995879812724, 0.997238814299, 
        0.997858702846, 0.998025502569, 0.998587506155]
    N = 18 (0.974)
        WCC positions: 
        [0.0115201204483, 0.0129392907394, 0.0222229884, 
        0.0232603517654, 0.485135708741, 0.501157793709, 
        0.782355203043, 0.798620596807, 0.815551923326, 
        0.827249962857, 0.878823497037, 0.885880886792, 
        0.995412356064, 0.995894784625, 0.997240674545, 
        0.997859035286, 0.998022707226, 0.998585561746]
finished!

calculating string at kx = 0.3500
    N = 14 (0.955)
        WCC positions: 
        [0.0115929535734, 0.0130471743182, 0.0221531843936, 
        0.0231737563197, 0.484997358492, 0.501255542259, 
        0.782066134648, 0.798200164876, 0.815138271206, 
        0.826894181706, 0.879081424849, 0.886159014543, 
        0.995380358489, 0.995850054406, 0.997252517778, 
        0.997864627886, 0.998019824984, 0.998576407357]
    N = 18 (0.973)
        WCC positions: 
        [0.011581125895, 0.0130393986666, 0.0221892089005, 
        0.023206146359, 0.48487574869, 0.501148192549, 
        0.782014211932, 0.798177645542, 0.815379627087, 
        0.827168975625, 0.878759652118, 0.885827289479, 
        0.995393085549, 0.995865167921, 0.997254462586, 
        0.997865111646, 0.998017019302, 0.998574473061]
finished!

calculating string at kx = 0.3583
    N = 14 (0.953)
        WCC positions: 
        [0.0116654588625, 0.0131579234264, 0.0221076874873, 
        0.0231062104841, 0.484746945322, 0.501237544428, 
        0.781722821236, 0.797729442864, 0.814959219671, 
        0.826790033127, 0.879013888002, 0.886095362331, 
        0.995360411188, 0.99581871935, 0.997267373441, 
        0.997869676665, 0.99801566356, 0.998564703297]
    N = 18 (0.972)
        WCC positions: 
        [0.0116528522868, 0.0131499672533, 0.0221442657261, 
        0.0231393849099, 0.484622134929, 0.501129725225, 
        0.781665891687, 0.797705073427, 0.81520261344, 
        0.827068942498, 0.8786904325, 0.885761607052, 
        0.995373384381, 0.995833966644, 0.997269396885, 
        0.997870304851, 0.998012846137, 0.998562803032]
finished!

calculating string at kx = 0.3667
    N = 14 (0.951)
        WCC positions: 
        [0.0117504643262, 0.0132801777454, 0.0220493511699, 
        0.0230239179967, 0.484510883115, 0.501207286774, 
        0.781380238195, 0.797232039627, 0.814777322442, 
        0.826662570995, 0.8789417467, 0.886016860975, 
        0.995340443777, 0.995786070766, 0.997283341301, 
        0.997873249992, 0.99801364623, 0.99855248497]
    N = 18 (0.970)
        WCC positions: 
        [0.0117370309472, 0.0132720586133, 0.0220864777343, 
        0.0230578801815, 0.484382214277, 0.501098811274, 
        0.781317784579, 0.797206022119, 0.815022727963, 
        0.826945965241, 0.87861595625, 0.885680589727, 
        0.995353682966, 0.995801464351, 0.997285467958, 
        0.997874000311, 0.998010886155, 0.998550596824]
finished!

calculating string at kx = 0.3750
    N = 14 (0.950)
        WCC positions: 
        [0.0118498864901, 0.0134150626772, 0.021976151256, 
        0.0229243515221, 0.484297024593, 0.501159793727, 
        0.781047354889, 0.796711458048, 0.814594063781, 
        0.826506711333, 0.878865084334, 0.885919334182, 
        0.995320786508, 0.995752407405, 0.997300467667, 
        0.997874767356, 0.998014408721, 0.998539769314]
    N = 18 (0.968)
        WCC positions: 
        [0.0118355703488, 0.0134067865111, 0.0220138429793, 
        0.0229591773821, 0.484164475898, 0.501050868646, 
        0.780979136867, 0.796684254227, 0.81484158578, 
        0.82679507065, 0.878536563647, 0.885580229796, 
        0.99533435627, 0.995767949957, 0.997302704525, 
        0.997875618679, 0.998011767753, 0.998537932147]
finished!

calculating string at kx = 0.3833
    N = 14 (0.949)
        WCC positions: 
        [0.0119657671435, 0.0135638312061, 0.021886079086, 
        0.0228047944813, 0.484116031103, 0.501090221731, 
        0.780734816463, 0.796171514007, 0.814411941338, 
        0.826317012023, 0.878784989982, 0.885798706629, 
        0.995301893514, 0.995717946511, 0.997318734115, 
        0.997873846302, 0.998018457997, 0.998526627067]
    N = 18 (0.966)
        WCC positions: 
        [0.0119504935678, 0.0135554582242, 0.0219242865656, 
        0.0228404331622, 0.483979150421, 0.500980544983, 
        0.780660526994, 0.796143732121, 0.81466135529, 
        0.826610584677, 0.878453059926, 0.885456020784, 
        0.995315824419, 0.995733648457, 0.997321048676, 
        0.997874796259, 0.998015961775, 0.998524846573]
finished!

calculating string at kx = 0.3917
    N = 14 (0.946)
        WCC positions: 
        [0.012100366144, 0.0137278231997, 0.0217769640461, 
        0.022662094664, 0.483979415684, 0.500991692411, 
        0.780455322923, 0.795616561138, 0.814233369269, 
        0.82608671188, 0.878702800696, 0.885649704477, 
        0.995284185107, 0.995682970449, 0.997338173496, 
        0.997870472457, 0.99802579909, 0.998513113344]
    N = 18 (0.964)
        WCC positions: 
        [0.0120840806062, 0.0137194239834, 0.0218156391368, 
        0.0226986064751, 0.483837688039, 0.500881404726, 
        0.78037481975, 0.795588978612, 0.814484438078, 
        0.826385850798, 0.878366485125, 0.885302808011, 
        0.995298461559, 0.995698826275, 0.99734058481, 
        0.997871525643, 0.99802351229, 0.998511405058]
finished!

calculating string at kx = 0.4000
    N = 14 (0.941)
        WCC positions: 
        [0.0122562365423, 0.0139084375199, 0.0216466708181, 
        0.0224930225387, 0.483900421282, 0.500856222952, 
        0.780223653567, 0.795050972958, 0.814061884454, 
        0.825808192093, 0.878620370637, 0.885466601593, 
        0.995268068928, 0.995647710386, 0.997358803731, 
        0.997864938488, 0.998036269572, 0.998499209192]
    N = 18 (0.963)
        WCC positions: 
        [0.0122389105764, 0.0139000834894, 0.0216856809233, 
        0.0225302252678, 0.483753846761, 0.500745468659, 
        0.78013658239, 0.795024094924, 0.814314392049, 
        0.826113138381, 0.878278945733, 0.885114820148, 
        0.995282709379, 0.995663740155, 0.997361355494, 
        0.99786610002, 0.998034208856, 0.99849760438]
finished!

calculating string at kx = 0.4083
    N = 14 (0.936)
        WCC positions: 
        [0.0124360897326, 0.0141069079748, 0.0214927589599, 
        0.0222938869378, 0.48389429314, 0.500674403643, 
        0.780055530263, 0.794477369637, 0.81390221915, 
        0.825472740618, 0.878540549509, 0.885243502772, 
        0.995253887342, 0.995612443063, 0.997380644757, 
        0.997857574412, 0.998049467948, 0.99848498057]
    N = 18 (0.961)
        WCC positions: 
        [0.0124177822889, 0.0140987232837, 0.0215320760379, 
        0.0223316772737, 0.48374268226, 0.500563396057, 
        0.779962377663, 0.794452566652, 0.814155693539, 
        0.825783626542, 0.878193003607, 0.884886009764, 
        0.995268905266, 0.995628650749, 0.997383359452, 
        0.997858920292, 0.998047611068, 0.998483489825]
finished!

calculating string at kx = 0.4167
    N = 14 (0.930)
        WCC positions: 
        [0.0126429604813, 0.0143245050884, 0.0213129271422, 
        0.0220612896011, 0.48397778154, 0.500434879215, 
        0.779969619847, 0.793898429665, 0.813760895554, 
        0.825070861277, 0.878467206382, 0.884974135171, 
        0.995241998752, 0.995577392512, 0.997403776678, 
        0.997848736843, 0.998065013819, 0.998470397425]
    N = 18 (0.958)
        WCC positions: 
        [0.0126237313572, 0.0143166557594, 0.0213524012835, 
        0.0220993444603, 0.483821022084, 0.500323706578, 
        0.779871080535, 0.793877085553, 0.814014738211, 
        0.825387606666, 0.878112383037, 0.884609927052, 
        0.995257403684, 0.995593790166, 0.997406677241, 
        0.997850350512, 0.998063368048, 0.998469062464]
finished!

calculating string at kx = 0.4250
    N = 14 (0.925)
        WCC positions: 
        [0.0128800193178, 0.0145621692872, 0.0211048666842, 
        0.0217921955187, 0.484168484135, 0.500124607069, 
        0.779985094584, 0.793313868425, 0.813647112117, 
        0.824592752865, 0.878405453812, 0.884652802704, 
        0.995232696463, 0.995542806048, 0.997428224383, 
        0.997838690945, 0.998082546122, 0.998455449017]
    N = 18 (0.954)
        WCC positions: 
        [0.012859968836, 0.0145548478848, 0.0211443328535, 
        0.0218299156821, 0.484006975762, 0.500013330159, 
        0.779882119099, 0.793297189775, 0.813900545339, 
        0.824914705548, 0.878042145481, 0.884280704692, 
        0.995248487885, 0.995559392662, 0.997431325438, 
        0.997840603908, 0.998081105514, 0.998454282636]
finished!

calculating string at kx = 0.4333
    N = 14 (0.920)
        WCC positions: 
        [0.0131504714961, 0.0148203492199, 0.020866300486, 
        0.0214846010444, 0.484484838561, 0.499729198883, 
        0.780121762638, 0.792720737351, 0.813573443344, 
        0.824028936672, 0.87836213375, 0.884275105946, 
        0.995226207949, 0.995508903377, 0.997453980413, 
        0.997827540698, 0.998101833604, 0.998440042395]
    N = 18 (0.950)
        WCC positions: 
        [0.013129872119, 0.0148138777158, 0.0209054816428, 
        0.0215212054745, 0.484319213781, 0.499617842678, 
        0.780016309366, 0.792710315369, 0.813825499417, 
        0.824354925404, 0.877989072646, 0.883893860998, 
        0.995242436856, 0.995525686296, 0.997457253993, 
        0.997829802083, 0.998100581972, 0.998439053273]
finished!

calculating string at kx = 0.4417
    N = 14 (0.915)
        WCC positions: 
        [0.0134572456491, 0.0150986190895, 0.0205947170936, 
        0.021138566138, 0.484943514006, 0.499232636186, 
        0.780397288057, 0.792111174751, 0.813556187806, 
        0.823371149314, 0.878345663403, 0.883838541213, 
        0.995222790135, 0.995475899939, 0.997480972664, 
        0.997815214959, 0.998122582498, 0.998424132426]
    N = 18 (0.946)
        WCC positions: 
        [0.0134365777821, 0.0150934741941, 0.0206332296006, 
        0.0211730459087, 0.484775343102, 0.499121336311, 
        0.780292471182, 0.792108643521, 0.813805996978, 
        0.823699367601, 0.877961709057, 0.883447001139, 
        0.995239442884, 0.995492891284, 0.997484464919, 
        0.997817861179, 0.998121539632, 0.998423355075]
finished!

calculating string at kx = 0.4500
    N = 14 (0.911)
        WCC positions: 
        [0.0138027363813, 0.0153950785712, 0.0202872649505, 
        0.0207581636639, 0.485558281775, 0.498619486508, 
        0.78082660014, 0.79147368098, 0.813615537298, 
        0.822614523711, 0.878366207821, 0.883344384044, 
        0.995222519069, 0.99544401641, 0.99750904471, 
        0.997801659337, 0.998144623791, 0.99840754617]
    N = 18 (0.942)
        WCC positions: 
        [0.0137827390104, 0.0153917624721, 0.020324573324, 
        0.020789315958, 0.48538917215, 0.498507752063, 
        0.780726183714, 0.791479904769, 0.813862392594, 
        0.822942209613, 0.877970330446, 0.882941392303, 
        0.995239584004, 0.995461262404, 0.997512815622, 
        0.997804761658, 0.998143756762, 0.998406979964]
finished!

calculating string at kx = 0.4583
    N = 14 (0.908)
        WCC positions: 
        [0.0141880923034, 0.0157050221606, 0.0199404996184, 
        0.02035377317, 0.486337311754, 0.497876060501, 
        0.781417549436, 0.790792194372, 0.813775163168, 
        0.821759791155, 0.878435613119, 0.882798488402, 
        0.995225457052, 0.995413447263, 0.997538061876, 
        0.997786704522, 0.998167649791, 0.998390187581]
    N = 18 (0.939)
        WCC positions: 
        [0.0141696755577, 0.0157042603171, 0.0199756902598, 
        0.0203804506345, 0.486169879865, 0.497763346196, 
        0.781325883216, 0.790806653749, 0.814019296533, 
        0.82208349087, 0.878027415634, 0.882383473552, 
        0.995242973065, 0.995430971896, 0.997542068928, 
        0.997790192417, 0.99816699157, 0.998389811149]
finished!

calculating string at kx = 0.4667
    N = 14 (0.907)
        WCC positions: 
        [0.0146119392926, 0.0160183541655, 0.0195541552967, 
        0.0199420567651, 0.487280082902, 0.496993465499, 
        0.78216754551, 0.790047703504, 0.814059963624, 
        0.820815926119, 0.878566483131, 0.882212697048, 
        0.995231616875, 0.995384385928, 0.997567645703, 
        0.997770016487, 0.998191388335, 0.998371902636]
    N = 18 (0.938)
        WCC positions: 
        [0.014596269901, 0.0160207270407, 0.0195853380973, 
        0.0199640157467, 0.487116110137, 0.496878208523, 
        0.782089221601, 0.790068447541, 0.814302208238, 
        0.821131675275, 0.878145822225, 0.881785490009, 
        0.995249559971, 0.995402214338, 0.997571905317, 
        0.997773870705, 0.998190948265, 0.998371686059]
finished!

calculating string at kx = 0.4750
    N = 14 (0.908)
        WCC positions: 
        [0.0150683545407, 0.01631287302, 0.0191458105687, 
        0.0195400768299, 0.488373626029, 0.495970367241, 
        0.78306087477, 0.789223034531, 0.814491067332, 
        0.819802409193, 0.878770483837, 0.88160452641, 
        0.99524103091, 0.995357000941, 0.997597387517, 
        0.997751365795, 0.998215599197, 0.998352520761]
    N = 18 (0.937)
        WCC positions: 
        [0.0150568051766, 0.0163188836663, 0.0191704623802, 
        0.019558201052, 0.488215051423, 0.495851366268, 
        0.783000199316, 0.789246615446, 0.81473366337, 
        0.820106967661, 0.878338233632, 0.881166384543, 
        0.995259282849, 0.995375167242, 0.997601903603, 
        0.997755554292, 0.99821532072, 0.998352468714]
finished!

calculating string at kx = 0.4833
    N = 14 (0.911)
        WCC positions: 
        [0.0155434420663, 0.0165378153113, 0.0187747195379, 
        0.0191610398264, 0.489592346337, 0.494818060069, 
        0.784067352204, 0.788308549864, 0.815081571808, 
        0.818751783127, 0.879057218953, 0.880997385621, 
        0.995253554356, 0.995331556198, 0.997626804519, 
        0.997730532122, 0.998239933741, 0.998332015897]
    N = 18 (0.938)
        WCC positions: 
        [0.0155373720017, 0.0165474284995, 0.0187914197768, 
        0.0191759349664, 0.489440885763, 0.494694334339, 
        0.78402675669, 0.788329538563, 0.815327869249, 
        0.819042963309, 0.878615487536, 0.880551047596, 
        0.995272086806, 0.995350008189, 0.997631468096, 
        0.997735023102, 0.998239819848, 0.99833204872]
finished!

calculating string at kx = 0.4917
    N = 14 (0.915)
        WCC positions: 
        [0.0160068913465, 0.0165927266547, 0.0185570344599, 
        0.0188267022262, 0.490896732752, 0.493560760645, 
        0.785143715654, 0.787307204053, 0.815830129157, 
        0.817706970504, 0.879430857759, 0.880416919285, 
        0.995269049908, 0.995308264657, 0.997655268377, 
        0.997707497188, 0.998264057392, 0.998310361654]
    N = 18 (0.940)
        WCC positions: 
        [0.0160074215387, 0.0166036860307, 0.0185675630452, 
        0.018838578998, 0.490753067448, 0.493431495228, 
        0.785123690888, 0.787319814562, 0.816083777089, 
        0.817984313236, 0.878982431106, 0.879966014503, 
        0.995287739546, 0.995326930092, 0.997660056568, 
        0.997712168269, 0.998264060738, 0.998310424009]
finished!

calculating string at kx = 0.5000
    N = 14 (0.920)
        WCC positions: 
        [0.0163941027457, 0.016394102941, 0.0185916574005, 
        0.0185916574608, 0.492237258235, 0.492237259631, 
        0.786240015662, 0.786240016172, 0.816717362054, 
        0.816717362343, 0.8798880921, 0.879888092647, 0.9952873618, 
        0.995287362051, 0.997682325962, 0.997682326002, 
        0.998287613216, 0.998287613263]
    N = 18 (0.943)
        WCC positions: 
        [0.0164013042256, 0.0164013044299, 0.0186012044588, 
        0.0186012045531, 0.492101180387, 0.492101181693, 
        0.786238503121, 0.786238503638, 0.816981606147, 
        0.816981606412, 0.879436493834, 0.879436494476, 
        0.995306095282, 0.995306095438, 0.997687117811, 
        0.997687117846, 0.998287691175, 0.998287691233]
finished!

Checking neighbouring k-points k = 0.0000 and k = 0.0083
Condition fulfilled

Checking neighbouring k-points k = 0.0083 and k = 0.0167
Condition fulfilled

Checking neighbouring k-points k = 0.0167 and k = 0.0250
Condition fulfilled

Checking neighbouring k-points k = 0.0250 and k = 0.0333
Condition fulfilled

Checking neighbouring k-points k = 0.0333 and k = 0.0417
Condition fulfilled

Checking neighbouring k-points k = 0.0417 and k = 0.0500
Condition fulfilled

Checking neighbouring k-points k = 0.0500 and k = 0.0583
Condition fulfilled

Checking neighbouring k-points k = 0.0583 and k = 0.0667
Condition fulfilled

Checking neighbouring k-points k = 0.0667 and k = 0.0750
Condition fulfilled

Checking neighbouring k-points k = 0.0750 and k = 0.0833
Condition fulfilled

Checking neighbouring k-points k = 0.0833 and k = 0.0917
Condition fulfilled

Checking neighbouring k-points k = 0.0917 and k = 0.1000
Condition fulfilled

Checking neighbouring k-points k = 0.1000 and k = 0.1083
Condition fulfilled

Checking neighbouring k-points k = 0.1083 and k = 0.1167
Condition fulfilled

Checking neighbouring k-points k = 0.1167 and k = 0.1250
Condition fulfilled

Checking neighbouring k-points k = 0.1250 and k = 0.1333
Condition fulfilled

Checking neighbouring k-points k = 0.1333 and k = 0.1417
Condition fulfilled

Checking neighbouring k-points k = 0.1417 and k = 0.1500
Condition fulfilled

Checking neighbouring k-points k = 0.1500 and k = 0.1583
Condition fulfilled

Checking neighbouring k-points k = 0.1583 and k = 0.1667
Condition fulfilled

Checking neighbouring k-points k = 0.1667 and k = 0.1750
Condition fulfilled

Checking neighbouring k-points k = 0.1750 and k = 0.1833
Condition fulfilled

Checking neighbouring k-points k = 0.1833 and k = 0.1917
Condition fulfilled

Checking neighbouring k-points k = 0.1917 and k = 0.2000
Condition fulfilled

Checking neighbouring k-points k = 0.2000 and k = 0.2083
Condition fulfilled

Checking neighbouring k-points k = 0.2083 and k = 0.2167
Condition fulfilled

Checking neighbouring k-points k = 0.2167 and k = 0.2250
Condition fulfilled

Checking neighbouring k-points k = 0.2250 and k = 0.2333
Condition fulfilled

Checking neighbouring k-points k = 0.2333 and k = 0.2417
Condition fulfilled

Checking neighbouring k-points k = 0.2417 and k = 0.2500
Condition fulfilled

Checking neighbouring k-points k = 0.2500 and k = 0.2583
Condition fulfilled

Checking neighbouring k-points k = 0.2583 and k = 0.2667
Condition fulfilled

Checking neighbouring k-points k = 0.2667 and k = 0.2750
Condition fulfilled

Checking neighbouring k-points k = 0.2750 and k = 0.2833
Condition fulfilled

Checking neighbouring k-points k = 0.2833 and k = 0.2917
Condition fulfilled

Checking neighbouring k-points k = 0.2917 and k = 0.3000
Condition fulfilled

Checking neighbouring k-points k = 0.3000 and k = 0.3083
Condition fulfilled

Checking neighbouring k-points k = 0.3083 and k = 0.3167
Condition fulfilled

Checking neighbouring k-points k = 0.3167 and k = 0.3250
Condition fulfilled

Checking neighbouring k-points k = 0.3250 and k = 0.3333
Condition fulfilled

Checking neighbouring k-points k = 0.3333 and k = 0.3417
Condition fulfilled

Checking neighbouring k-points k = 0.3417 and k = 0.3500
Condition fulfilled

Checking neighbouring k-points k = 0.3500 and k = 0.3583
Condition fulfilled

Checking neighbouring k-points k = 0.3583 and k = 0.3667
Condition fulfilled

Checking neighbouring k-points k = 0.3667 and k = 0.3750
Condition fulfilled

Checking neighbouring k-points k = 0.3750 and k = 0.3833
Condition fulfilled

Checking neighbouring k-points k = 0.3833 and k = 0.3917
Condition fulfilled

Checking neighbouring k-points k = 0.3917 and k = 0.4000
Condition fulfilled

Checking neighbouring k-points k = 0.4000 and k = 0.4083
Condition fulfilled

Checking neighbouring k-points k = 0.4083 and k = 0.4167
Condition fulfilled

Checking neighbouring k-points k = 0.4167 and k = 0.4250
Condition fulfilled

Checking neighbouring k-points k = 0.4250 and k = 0.4333
Condition fulfilled

Checking neighbouring k-points k = 0.4333 and k = 0.4417
Condition fulfilled

Checking neighbouring k-points k = 0.4417 and k = 0.4500
Condition fulfilled

Checking neighbouring k-points k = 0.4500 and k = 0.4583
Condition fulfilled

Checking neighbouring k-points k = 0.4583 and k = 0.4667
Condition fulfilled

Checking neighbouring k-points k = 0.4667 and k = 0.4750
Condition fulfilled

Checking neighbouring k-points k = 0.4750 and k = 0.4833
Condition fulfilled

Checking neighbouring k-points k = 0.4833 and k = 0.4917
Condition fulfilled

Checking neighbouring k-points k = 0.4917 and k = 0.5000
Condition fulfilled

+----------------------------------------------------------------------+
|                       finished wcc calculation                       |
|                       time: 0 h 29 min 3 sec                         |
+----------------------------------------------------------------------+
HgTe.py
