+----------------------------------------------------------------------+
| starting wcc calculation                                             |
|                                                                      |
| gap_tol             0.02                                             |
| iterator            [14, 18, 22, 26, 30, 34, 38, 42, 46, 50, 54, 58] |
| min_neighbour_dist  0.001                                            |
| no_iter             False                                            |
| no_neighbour_check  False                                            |
| num_strings         61                                               |
| use_pickle          True                                             |
| verbose             True                                             |
| wcc_tol             0.01                                             |
+----------------------------------------------------------------------+
calculating string at kx = 0.0000
    N = 14 (0.357)
        WCC positions: 
        [6.5607620453e-06, 6.56088772463e-06, 0.00686181074498, 
        0.00686181079649, 0.131017769515, 0.131017777819, 
        0.634273129922, 0.634273133455, 0.736741373981, 
        0.736741378448, 0.809110566645, 0.809110568341, 
        0.990090297198, 0.990090297901, 0.99705556924, 
        0.997055569272, 0.998008502301, 0.998008502398]
    N = 18 (0.411)
        WCC positions: 
        [0.00657202770374, 0.00657202772961, 0.130775385045, 
        0.13077539227, 0.633028410028, 0.63302841387, 
        0.728088362827, 0.728088367254, 0.808151567945, 
        0.808151569136, 0.989852462975, 0.989852463594, 
        0.997040508713, 0.997040508736, 0.997869146248, 
        0.997869146387, 0.99968260708, 0.999682607184]
    N = 22 (0.482)
        WCC positions: 
        [0.0063922073372, 0.00639220743797, 0.129863985308, 
        0.129863991428, 0.628820211064, 0.628820214553, 
        0.72015984013, 0.720159842854, 0.807679449872, 
        0.80767945049, 0.989447730784, 0.989447731379, 
        0.996985009484, 0.996985009536, 0.997621180693, 
        0.997621180856, 0.999292603518, 0.999292603553]
    N = 26 (0.586)
        WCC positions: 
        [0.00628571024936, 0.00628571039577, 0.128776725493, 
        0.128776730352, 0.622527007179, 0.622527008453, 
        0.713957956137, 0.713957956823, 0.807453236887, 
        0.807453237175, 0.988885509068, 0.988885509435, 
        0.996818890945, 0.996818891153, 0.997374968047, 
        0.997374968139, 0.999025774888, 0.999025774939]
    N = 30 (0.718)
        WCC positions: 
        [0.00622753696719, 0.00622753718157, 0.127947185807, 
        0.127947189623, 0.615978462422, 0.615978464792, 
        0.710104470731, 0.710104471435, 0.807405735337, 
        0.807405735558, 0.988286590501, 0.988286590576, 
        0.996557653481, 0.996557653781, 0.997269350534, 
        0.997269350597, 0.998891376047, 0.998891376118]
    N = 34 (0.785)
        WCC positions: 
        [0.00619548719025, 0.00619548737305, 0.127670260056, 
        0.127670263412, 0.611397579204, 0.611397584098, 
        0.708176092822, 0.7081760936, 0.807489099863, 
        0.807489100055, 0.987851583126, 0.987851583415, 
        0.996367294288, 0.996367294664, 0.997237429624, 
        0.997237429673, 0.998833978903, 0.998833978952]
    N = 38 (0.713)
        WCC positions: 
        [0.00617020760518, 0.00617020779769, 0.127850025925, 
        0.127850029457, 0.60922876791, 0.609228772894, 
        0.707074603189, 0.707074603921, 0.807614229361, 
        0.807614229627, 0.987649141152, 0.987649141473, 
        0.996267759983, 0.996267760308, 0.997225189683, 
        0.997225189744, 0.99881125582, 0.998811255866]
finished!

calculating string at kx = 0.0083
    N = 14 (0.256)
        WCC positions: 
        [0.00196961047932, 0.00657425725503, 0.00746087487366, 
        0.110433205958, 0.150471624157, 0.610149698746, 
        0.650265418223, 0.728308409322, 0.752404608197, 
        0.805218171252, 0.815424711825, 0.987321228785, 
        0.991609367604, 0.996950790228, 0.997133443801, 
        0.997622779558, 0.998194821136, 0.999035995862]
    N = 18 (0.279)
        WCC positions: 
        [0.00239947417656, 0.00635604585698, 0.00733292799022, 
        0.11081045291, 0.149593865127, 0.60211942669, 
        0.652794037687, 0.718879262895, 0.751959875334, 
        0.805342601004, 0.813960967142, 0.986480894663, 
        0.991629029377, 0.996804531436, 0.997125708843, 
        0.997314884558, 0.998213537243, 0.998848695428]
    N = 22 (0.305)
        WCC positions: 
        [0.00255079432171, 0.00624484462081, 0.00724836237396, 
        0.110168036848, 0.14862569535, 0.591927659195, 
        0.653773079965, 0.712307044157, 0.751255862268, 
        0.805614961051, 0.812996464464, 0.985472422135, 
        0.991626793859, 0.99645989004, 0.997109673905, 
        0.997202865199, 0.99821722887, 0.998741537605]
    N = 26 (0.343)
        WCC positions: 
        [0.00250453149891, 0.00617667981662, 0.0071866659541, 
        0.109274374161, 0.147701880942, 0.581921596324, 
        0.653699406102, 0.707944109494, 0.750220197404, 
        0.805799634911, 0.81237760122, 0.98448448781, 
        0.991584888374, 0.996126576484, 0.997098839008, 
        0.997177370057, 0.998211218879, 0.998683750893]
    N = 30 (0.407)
        WCC positions: 
        [0.00232774679547, 0.00612448154481, 0.00712805349889, 
        0.108549915821, 0.14679464042, 0.573411328391, 
        0.652881198787, 0.704972684094, 0.74885865246, 
        0.805886501539, 0.811981114078, 0.983654608535, 
        0.991503424344, 0.995878822095, 0.997092514959, 
        0.997166460018, 0.998197308136, 0.99865003116]
    N = 34 (0.523)
        WCC positions: 
        [0.00208668330013, 0.00608178987501, 0.00707269276231, 
        0.10806806232, 0.145996198218, 0.56654985127, 
        0.651550085822, 0.702871967055, 0.747460531734, 
        0.805900285515, 0.811777073483, 0.983005615506, 
        0.991387683493, 0.995699306192, 0.997086856271, 
        0.99715984086, 0.998177138429, 0.998628518968]
    N = 38 (0.699)
        WCC positions: 
        [0.00183581879233, 0.00605001068834, 0.00703693515454, 
        0.107874637231, 0.145532136115, 0.561582651623, 
        0.649921461728, 0.701552817271, 0.746403491406, 
        0.805873247904, 0.81182523558, 0.982552464175, 
        0.991245268654, 0.99557823154, 0.997080561319, 
        0.997156305807, 0.99815302854, 0.998615271255]
    N = 42 (0.681)
        WCC positions: 
        [0.00165479021919, 0.00602995617036, 0.00702099945976, 
        0.10802328971, 0.145529023395, 0.559042517615, 
        0.648641735261, 0.700891684337, 0.745786280213, 
        0.805882700801, 0.812040886857, 0.98233992269, 
        0.991126938137, 0.995514237973, 0.997075211056, 
        0.997155109764, 0.998132902327, 0.998609074243]
finished!

calculating string at kx = 0.0167
    N = 14 (0.135)
        WCC positions: 
        [0.00391312528053, 0.0064261579079, 0.00869933751162, 
        0.0882691593629, 0.17777042115, 0.586954847056, 
        0.660361632402, 0.728061129604, 0.767806266135, 
        0.802423174955, 0.828395842338, 0.983732731547, 
        0.992442884771, 0.996869199333, 0.997205679422, 
        0.997410761915, 0.998254792444, 0.998785606277]
    N = 18 (0.138)
        WCC positions: 
        [0.0046510636835, 0.00626962701111, 0.00984734782984, 
        0.0896211870112, 0.178004981178, 0.577334938108, 
        0.662859600975, 0.720855642531, 0.774375187711, 
        0.803392325584, 0.830247009215, 0.982646555887, 
        0.992442401921, 0.996690567821, 0.997136778398, 
        0.997248173967, 0.998289542297, 0.998710320599]
    N = 22 (0.139)
        WCC positions: 
        [0.00496326445668, 0.00619607404487, 0.0113143059662, 
        0.0902642493431, 0.178729764326, 0.568694110748, 
        0.664152193318, 0.716505664639, 0.779792018557, 
        0.804332205099, 0.833399671571, 0.981681719136, 
        0.992460291115, 0.996436007545, 0.997084365356, 
        0.997235965151, 0.998310893577, 0.998669305178]
    N = 26 (0.140)
        WCC positions: 
        [0.00509382983103, 0.00615441398064, 0.012856894422, 
        0.0907456416284, 0.180025230035, 0.562162777202, 
        0.664888720606, 0.713839967214, 0.78384253592, 
        0.805092996055, 0.837544926714, 0.980962778756, 
        0.992481439661, 0.996238576436, 0.997068919519, 
        0.997233152928, 0.998325193287, 0.998647250153]
    N = 30 (0.144)
        WCC positions: 
        [0.00515594798597, 0.00612667097779, 0.0143841582851, 
        0.091224374037, 0.181774101763, 0.557608972498, 
        0.665373765522, 0.712128616771, 0.786768065534, 
        0.805677251142, 0.842321093096, 0.980479451932, 
        0.992503581684, 0.996103541204, 0.997063331616, 
        0.997231749879, 0.998335516687, 0.998634963546]
    N = 34 (0.152)
        WCC positions: 
        [0.00519138819789, 0.00610707598646, 0.0158846951621, 
        0.0917123701169, 0.183866723388, 0.554515084872, 
        0.665742988528, 0.710979671425, 0.788896890364, 
        0.806122402944, 0.847452089837, 0.980168954228, 
        0.992526125352, 0.996011567326, 0.997060916433, 
        0.99723101143, 0.998343473905, 0.998627907315]
    N = 38 (0.166)
        WCC positions: 
        [0.00521496842721, 0.00609275886109, 0.0173692136431, 
        0.0922071399531, 0.186231721969, 0.552402992976, 
        0.666046798574, 0.710177136654, 0.79048917679, 
        0.806465693156, 0.852769524469, 0.979972109568, 
        0.992548093781, 0.995947026069, 0.997059703897, 
        0.997230686787, 0.99834990059, 0.99862377564]
    N = 42 (0.194)
        WCC positions: 
        [0.00523180464763, 0.00608152481966, 0.0188417797091, 
        0.0927098482636, 0.188814700317, 0.550919003507, 
        0.666292055014, 0.70959365907, 0.79171283777, 
        0.806729132137, 0.858153410183, 0.97984687985, 
        0.992568112246, 0.995899653728, 0.997058970149, 
        0.997230646953, 0.998355202794, 0.998621216823]
    N = 46 (0.245)
        WCC positions: 
        [0.00524344661049, 0.00607139526155, 0.0202931695919, 
        0.0932377444715, 0.191582490284, 0.549778187252, 
        0.666452645421, 0.709139152817, 0.792667583572, 
        0.80692510588, 0.863535146793, 0.979762765939, 
        0.992583831028, 0.99586196868, 0.997058317507, 
        0.997230779957, 0.998359466423, 0.99861938378]
    N = 50 (0.356)
        WCC positions: 
        [0.00524910883751, 0.00605975935227, 0.0216835368237, 
        0.0938281808984, 0.194518412412, 0.548653393337, 
        0.666445064167, 0.708728651309, 0.793400726863, 
        0.807047813462, 0.868885382969, 0.979689726996, 
        0.992590044609, 0.995826531046, 0.997057279235, 
        0.997231044519, 0.998362517209, 0.998617283614]
finished!

calculating string at kx = 0.0250
    N = 14 (0.100)
        WCC positions: 
        [0.00601475719158, 0.00690897273894, 0.0185598033549, 
        0.0726652506468, 0.34352795879, 0.590659693901, 
        0.695890458826, 0.736205842519, 0.784063357462, 
        0.802687037695, 0.903698157402, 0.983382990979, 
        0.994504624064, 0.996924035865, 0.99729808768, 
        0.997881098398, 0.998345645326, 0.999068146416]
    N = 18 (0.122)
        WCC positions: 
        [0.00593579792632, 0.00668381263204, 0.0223295741973, 
        0.0756471870606, 0.339052991459, 0.585547631325, 
        0.693558950519, 0.73100572827, 0.788557981813, 
        0.803783065541, 0.909145014162, 0.982716922279, 
        0.994333551221, 0.996893999663, 0.997267896357, 
        0.997655154655, 0.998356179225, 0.998917983438]
    N = 22 (0.144)
        WCC positions: 
        [0.00587845624019, 0.0065535309865, 0.0254301736952, 
        0.0777843842318, 0.336915924551, 0.581661557547, 
        0.691803555587, 0.727789850903, 0.791195693296, 
        0.804698041881, 0.913981121375, 0.982258174124, 
        0.994223668275, 0.996851956489, 0.997231219059, 
        0.997506768623, 0.9983636034, 0.998844833206]
    N = 26 (0.166)
        WCC positions: 
        [0.0058357409079, 0.00647205125566, 0.027885079748, 
        0.0793367814795, 0.335796626436, 0.578960166393, 
        0.690460610536, 0.725750919163, 0.792788476546, 
        0.805353997408, 0.917807993263, 0.981964421531, 
        0.994144557874, 0.996804417081, 0.997195818807, 
        0.997432678261, 0.998368719299, 0.998807965591]
    N = 30 (0.188)
        WCC positions: 
        [0.00580351228729, 0.00641706764612, 0.0298011910668, 
        0.0804915815223, 0.335149826258, 0.577134247159, 
        0.689422096419, 0.724403138981, 0.793797834057, 
        0.805815815382, 0.920725206776, 0.981783845108, 
        0.994084519695, 0.996760386852, 0.997169460481, 
        0.997397153277, 0.99837234133, 0.99878786502]
    N = 34 (0.211)
        WCC positions: 
        [0.00577879544615, 0.00637787363621, 0.0312937716578, 
        0.0813695553183, 0.334718088582, 0.575867514821, 
        0.688604945392, 0.723464678518, 0.79446990134, 
        0.806144870274, 0.922931331152, 0.981670904282, 
        0.994037448116, 0.996723614394, 0.997151732351, 
        0.997378150316, 0.998374991729, 0.998775837033]
finished!

calculating string at kx = 0.0333
    N = 14 (0.389)
        WCC positions: 
        [0.00597252432579, 0.0072164743062, 0.0193403204901, 
        0.0514397046976, 0.399166174431, 0.582277274531, 
        0.714279232291, 0.738280282806, 0.785100134151, 
        0.801797732342, 0.91307859755, 0.980167029088, 
        0.995220487071, 0.99692367347, 0.997324820883, 
        0.998076051131, 0.998361696154, 0.999180653821]
    N = 18 (0.429)
        WCC positions: 
        [0.00590726816214, 0.00699728438329, 0.0220818017842, 
        0.053930759583, 0.392933143326, 0.578266223307, 
        0.711115952448, 0.733948362642, 0.788778600787, 
        0.802701941372, 0.91617876146, 0.979583338458, 
        0.995080235782, 0.99690438743, 0.997296757717, 
        0.997925618524, 0.99836582293, 0.999003208976]
    N = 22 (0.464)
        WCC positions: 
        [0.00587123182501, 0.00686119167191, 0.0241252994234, 
        0.0556660934329, 0.388903829383, 0.575507067899, 
        0.708920082004, 0.731312929912, 0.790942325889, 
        0.803405231159, 0.918680610475, 0.979238228351, 
        0.994980215059, 0.996890032346, 0.997271511717, 
        0.997807867063, 0.99836937511, 0.998914525541]
    N = 26 (0.496)
        WCC positions: 
        [0.00584920580808, 0.00677231482033, 0.0256315711946, 
        0.0569049071455, 0.386156014443, 0.57368809611, 
        0.70733225431, 0.729687911432, 0.792264736524, 
        0.80390682321, 0.920576639904, 0.979041990049, 
        0.994906264927, 0.996878471984, 0.997250603897, 
        0.997729598498, 0.998371986958, 0.99886931245]
    N = 30 (0.525)
        WCC positions: 
        [0.00583461009813, 0.00671169580014, 0.0267443197654, 
        0.0578178805877, 0.384187364334, 0.572491386599, 
        0.706156323769, 0.728650863334, 0.793112918306, 
        0.804265103989, 0.92198430671, 0.978933249232, 
        0.994850375934, 0.996869152454, 0.997234360687, 
        0.997679264994, 0.998373899015, 0.998844483841]
finished!

calculating string at kx = 0.0417
    N = 14 (0.445)
        WCC positions: 
        [0.00591926650482, 0.00733848081599, 0.0167144701181, 
        0.0354646953872, 0.417230634382, 0.572844530757, 
        0.725586232127, 0.739513287786, 0.784126735254, 
        0.801414787748, 0.907894678712, 0.975220998995, 
        0.99553515557, 0.996949565239, 0.99732849825, 
        0.998173183818, 0.998377001321, 0.999160457604]
    N = 18 (0.514)
        WCC positions: 
        [0.0058695930711, 0.00716741775916, 0.0186970345115, 
        0.037303221079, 0.41233470484, 0.569563189012, 
        0.722767867443, 0.736050960057, 0.787333119998, 
        0.802077831866, 0.910440253817, 0.974753732414, 
        0.995442028991, 0.996926592699, 0.997302265879, 
        0.998088967567, 0.998375244136, 0.999006752506]
    N = 22 (0.570)
        WCC positions: 
        [0.00584369310493, 0.00706386631286, 0.0201155233494, 
        0.038516285964, 0.409237571071, 0.567443853012, 
        0.720874165792, 0.734022469116, 0.789252799795, 
        0.802547849653, 0.912393439075, 0.974505016716, 
        0.995372773478, 0.996914539282, 0.997281308341, 
        0.998018975462, 0.998375524416, 0.998925365515]
    N = 26 (0.617)
        WCC positions: 
        [0.00582890968063, 0.0069970898911, 0.0211270301858, 
        0.0393541959899, 0.407154296633, 0.566088006032, 
        0.719537680377, 0.732803157676, 0.790453169576, 
        0.802869116875, 0.913827511855, 0.974377405339, 
        0.99532145168, 0.996907237418, 0.997265637021, 
        0.997968620908, 0.998376197255, 0.99888207047]
finished!

calculating string at kx = 0.0500
    N = 14 (0.497)
        WCC positions: 
        [0.00587783198689, 0.00742811312441, 0.0145223958455, 
        0.0255108266786, 0.430742551593, 0.565247191082, 
        0.73382103352, 0.741892951731, 0.783125606834, 
        0.801732116131, 0.903550467976, 0.969376715864, 
        0.995717267866, 0.997003904943, 0.99732660148, 
        0.998206983176, 0.998397495227, 0.999121086147]
    N = 18 (0.562)
        WCC positions: 
        [0.00584302743783, 0.00730255125492, 0.0158779324955, 
        0.0268438993261, 0.426848207027, 0.562632285152, 
        0.73145571042, 0.739226209511, 0.785722177674, 
        0.802188708592, 0.905458965966, 0.969067759449, 
        0.995667283621, 0.996972633738, 0.997302466649, 
        0.998171414417, 0.998391850506, 0.999009283778]
    N = 22 (0.615)
        WCC positions: 
        [0.00582469697492, 0.00722891218262, 0.0168170784763, 
        0.0276775200857, 0.424443253599, 0.561012679654, 
        0.729923263232, 0.737693047282, 0.787289371985, 
        0.802487350786, 0.906877564111, 0.968919948211, 
        0.995626370975, 0.996956455387, 0.997285268799, 
        0.99814106949, 0.998388643052, 0.998944189034]
finished!

calculating string at kx = 0.0583
    N = 14 (0.551)
        WCC positions: 
        [0.00583994036058, 0.007478910699, 0.0128790486003, 
        0.0193579182657, 0.442204793681, 0.559240904151, 
        0.740222772772, 0.744781341074, 0.782526028775, 
        0.802417640381, 0.900497402133, 0.963098043997, 
        0.99581732898, 0.997088535841, 0.997325309499, 
        0.998199426224, 0.998412182253, 0.999070640616]
    N = 18 (0.613)
        WCC positions: 
        [0.00581865511621, 0.0073946598917, 0.0137893237062, 
        0.020290785477, 0.439022024392, 0.557146653068, 
        0.738312109356, 0.742730552862, 0.784517980591, 
        0.802729166238, 0.901836553329, 0.962918762992, 
        0.995802034095, 0.997053235252, 0.99730183355, 
        0.998188380322, 0.998409715009, 0.999002798488]
    N = 22 (0.664)
        WCC positions: 
        [0.00580709638731, 0.00734690330706, 0.0144027533397, 
        0.0208542604214, 0.437099467826, 0.555893883149, 
        0.737113940167, 0.741565318934, 0.785716223607, 
        0.802920279229, 0.902813609016, 0.962848711862, 
        0.995784256123, 0.997033604953, 0.9972868457, 
        0.998179374987, 0.998407303124, 0.998958878386]
    N = 26 (0.707)
        WCC positions: 
        [0.00580024851494, 0.00731708436117, 0.0148215491747, 
        0.0212167942851, 0.435848204271, 0.555125674743, 
        0.736317388182, 0.740865116298, 0.78647499058, 
        0.803038584763, 0.903501449835, 0.962830939669, 
        0.995769200935, 0.997021687822, 0.997277196671, 
        0.998172647007, 0.998405470873, 0.998932212208]
finished!

calculating string at kx = 0.0667
    N = 14 (0.598)
        WCC positions: 
        [0.00580688380208, 0.00747315574286, 0.0116688659723, 
        0.0156694583244, 0.451837581264, 0.554356131772, 
        0.744847159156, 0.748082640036, 0.782472749107, 
        0.803305300617, 0.898356485006, 0.956824611611, 
        0.99585702097, 0.997172999364, 0.997340928181, 
        0.998158566361, 0.998416163423, 0.999004153497]
    N = 18 (0.659)
        WCC positions: 
        [0.0057963559079, 0.00742820779435, 0.0122679882803, 
        0.0163057890147, 0.449189900429, 0.552650587268, 
        0.74334728789, 0.746506912946, 0.78392813763, 
        0.803521391876, 0.899248684837, 0.956720271916, 
        0.995864971901, 0.997147334973, 0.997311615769, 
        0.998161669627, 0.998417729174, 0.998973497949]
finished!

calculating string at kx = 0.0750
    N = 14 (0.638)
        WCC positions: 
        [0.00578511486468, 0.00739902463771, 0.0108120473902, 
        0.0135500780941, 0.45984641408, 0.550263265965, 
        0.747927580344, 0.751594611519, 0.782990536996, 
        0.804298135661, 0.896837658594, 0.950870021113, 
        0.995858939435, 0.99719778831, 0.997409508039, 
        0.998083040836, 0.998415897309, 0.99893196814]
    N = 18 (0.698)
        WCC positions: 
        [0.00578147872655, 0.00739027276808, 0.0111884228263, 
        0.0139819036894, 0.457615866625, 0.54884738987, 
        0.746748544141, 0.750420447574, 0.78399806264, 
        0.804454050115, 0.897392769286, 0.95079176245, 
        0.995880230225, 0.99719025912, 0.997372997853, 
        0.998099155032, 0.998418471299, 0.998925609924]
finished!

calculating string at kx = 0.0833
    N = 14 (0.671)
        WCC positions: 
        [0.00578288536924, 0.00727151887738, 0.0102745745809, 
        0.0123703173502, 0.466474909615, 0.546748029949, 
        0.750253914622, 0.754669005535, 0.784019745543, 
        0.805333641046, 0.895740318267, 0.945385903232, 
        0.99584095872, 0.997165242713, 0.997506860621, 
        0.997980014343, 0.998419757886, 0.99886854003]
    N = 18 (0.731)
        WCC positions: 
        [0.00578208236688, 0.00728841433016, 0.0104956245474, 
        0.0126679112716, 0.464580034841, 0.545550789052, 
        0.749319861844, 0.753825790557, 0.784674323653, 
        0.805453732333, 0.896047208231, 0.945301979694, 
        0.995869255149, 0.997167921412, 0.997476536568, 
        0.998006905961, 0.998420722105, 0.998873879397]
finished!

calculating string at kx = 0.0917
    N = 14 (0.700)
        WCC positions: 
        [0.00580806907546, 0.00713971207035, 0.0100025172927, 
        0.0117177683168, 0.471967607433, 0.543666359246, 
        0.752213444297, 0.757130352887, 0.785440001823, 
        0.806371501511, 0.894932038137, 0.940409723133, 
        0.995814621871, 0.997096979669, 0.997593087821, 
        0.997875056456, 0.998431355534, 0.998819678286]
    N = 18 (0.758)
        WCC positions: 
        [0.00580678224062, 0.00716530926705, 0.0101270074973, 
        0.0119268765875, 0.470344130996, 0.542636053692, 
        0.751465121652, 0.756543751373, 0.785834992808, 
        0.806471285631, 0.895055775831, 0.940302459491, 
        0.9958461505, 0.997110052367, 0.997573720403, 
        0.997904477624, 0.998429967727, 0.998828923801]
finished!

calculating string at kx = 0.1000
    N = 14 (0.724)
        WCC positions: 
        [0.00586596658529, 0.00705273566554, 0.00991131915529, 
        0.011362003806, 0.476527021104, 0.540918682886, 
        0.75393700527, 0.759074801109, 0.787110041932, 
        0.807386572696, 0.894317496485, 0.935920679903, 
        0.995786372011, 0.996997927589, 0.997643207907, 
        0.997806524382, 0.998450432167, 0.998783443422]
    N = 18 (0.781)
        WCC positions: 
        [0.00586225201272, 0.00707422585233, 0.00998174553176, 
        0.0115118231087, 0.47512750942, 0.540017807879, 
        0.753330366577, 0.758675051185, 0.787328304526, 
        0.807476017739, 0.894307499297, 0.935782088044, 
        0.995819005628, 0.997022743998, 0.997640560735, 
        0.997824654977, 0.998447165613, 0.998793235409]
finished!

calculating string at kx = 0.1083
    N = 14 (0.745)
        WCC positions: 
        [0.00595876918844, 0.00703160162919, 0.00992927379322, 
        0.0111839153897, 0.480325491448, 0.538434167483, 
        0.755489558976, 0.760643670457, 0.788902367166, 
        0.808363273516, 0.893831532774, 0.931872404216, 
        0.995759571704, 0.996876009345, 0.997635146494, 
        0.997805750092, 0.998474949143, 0.998755959035]
    N = 18 (0.801)
        WCC positions: 
        [0.00595172026308, 0.00704441079657, 0.00997064287054, 
        0.0112932193183, 0.479110884436, 0.537635377133, 
        0.754991209247, 0.760373924601, 0.789009797614, 
        0.808449250816, 0.893723506019, 0.931700146838, 
        0.995792203846, 0.99691113203, 0.997649633479, 
        0.997806847643, 0.9984708834, 0.998765159981]
finished!

calculating string at kx = 0.1167
    N = 14 (0.762)
        WCC positions: 
        [0.00608567636466, 0.00707584331953, 0.0100122882823, 
        0.0111201664663, 0.483501646838, 0.536160997551, 
        0.756912615363, 0.761956465504, 0.79072222726, 
        0.809293601204, 0.89342995529, 0.928213011273, 
        0.995735820903, 0.996743777378, 0.997605779751, 
        0.997835266548, 0.998502358493, 0.998734065575]
    N = 18 (0.817)
        WCC positions: 
        [0.00607533760956, 0.00708002043921, 0.0100376505318, 
        0.0112013404471, 0.48244112078, 0.53544413817, 
        0.756498107882, 0.761774290132, 0.790765659013, 
        0.809380631249, 0.893250028373, 0.928007886084, 
        0.995767803744, 0.996785661991, 0.997621424443, 
        0.9978335987, 0.998498512662, 0.998742494507]
finished!

calculating string at kx = 0.1250
    N = 14 (0.778)
        WCC positions: 
        [0.00624406789329, 0.00717641008766, 0.0101361530615, 
        0.0111340692139, 0.486162793869, 0.534059309569, 
        0.758234316358, 0.763101678144, 0.792507344194, 
        0.810173194575, 0.89307958151, 0.924891022587, 
        0.995715619101, 0.99661219296, 0.997582451374, 
        0.997863778398, 0.998530042498, 0.99871599857]
    N = 18 (0.831)
        WCC positions: 
        [0.00623092719645, 0.00717363662131, 0.010152261865, 
        0.0111953886512, 0.485230753465, 0.533410486818, 
        0.757885315586, 0.762977783127, 0.792518327156, 
        0.810264532912, 0.892846733955, 0.924656877975, 
        0.995746623199, 0.99665734696, 0.997595136228, 
        0.997863468239, 0.998527167123, 0.998723713983]
finished!

calculating string at kx = 0.1333
    N = 14 (0.792)
        WCC positions: 
        [0.00643066253229, 0.00732333663132, 0.0102867312878, 
        0.0112032745767, 0.488397690759, 0.532100248408, 
        0.759476640979, 0.764137353631, 0.794222393465, 
        0.81100107929, 0.89275957298, 0.92186280303, 
        0.995698862391, 0.996487825022, 0.997567488336, 
        0.997886175909, 0.998555616182, 0.998700952839]
    N = 18 (0.843)
        WCC positions: 
        [0.00641536479454, 0.00731543815752, 0.0102972865195, 
        0.0112504034457, 0.487575670752, 0.531507458649, 
        0.759179579979, 0.764052408564, 0.794220745066, 
        0.81109856297, 0.892488710295, 0.921601838543, 
        0.99572878525, 0.996533702502, 0.99757747342, 
        0.997887307241, 0.998554255062, 0.998707964813]
finished!

calculating string at kx = 0.1417
    N = 14 (0.803)
        WCC positions: 
        [0.00664199131419, 0.00750807470331, 0.0104558567294, 
        0.0113130748364, 0.490274581221, 0.530261054059, 
        0.760655669678, 0.765100924131, 0.795850107447, 
        0.811778000232, 0.892453076614, 0.919089244994, 
        0.995685151661, 0.996373510918, 0.997559247413, 
        0.997902902736, 0.998576837124, 0.99868893643]
    N = 18 (0.853)
        WCC positions: 
        [0.00662511796997, 0.00749661886621, 0.0104628899782, 
        0.0113498227465, 0.489544027112, 0.529715604279, 
        0.760400196676, 0.765042209652, 0.795847385726, 
        0.811882586529, 0.892153178143, 0.918804768032, 
        0.995713928925, 0.99641864432, 0.997567231801, 
        0.99790502238, 0.998577205572, 0.998695307184]
finished!

calculating string at kx = 0.1500
    N = 14 (0.814)
        WCC positions: 
        [0.00687488274842, 0.00772344281713, 0.0106384866523, 
        0.0114534174119, 0.491850912634, 0.52852324352, 
        0.76178291506, 0.766016079368, 0.797383293226, 
        0.812505012646, 0.892150382462, 0.916536776548, 
        0.99567393006, 0.996269862535, 0.997556077061, 
        0.997915215019, 0.998591464401, 0.998680937484]
    N = 18 (0.862)
        WCC positions: 
        [0.00685693883375, 0.00770981656741, 0.0106432882905, 
        0.0114824092435, 0.491198520123, 0.528018764854, 
        0.761561428632, 0.765975123856, 0.797386770535, 
        0.812617539756, 0.891829302823, 0.916232424735, 
        0.995701608889, 0.996313448956, 0.997562586486, 
        0.997917921379, 0.998593617387, 0.998686714689]
finished!

calculating string at kx = 0.1583
    N = 14 (0.823)
        WCC positions: 
        [0.00712619609876, 0.00796388812359, 0.0108311921107, 
        0.0116170667586, 0.49317196574, 0.526873269281, 
        0.762867038172, 0.76689696663, 0.798821660394, 
        0.813184117088, 0.891844619355, 0.914178485793, 
        0.995664575578, 0.996176486056, 0.99755678099, 
        0.997924249872, 0.998597491276, 0.998678209528]
    N = 18 (0.870)
        WCC positions: 
        [0.00710769157177, 0.00794896033867, 0.0108345117829, 
        0.0116402888309, 0.492584350341, 0.526403839985, 
        0.762673571338, 0.766868400047, 0.798835178268, 
        0.813304835624, 0.891505864282, 0.913856334506, 
        0.995691182238, 0.996218176478, 0.99756223713, 
        0.997927236961, 0.998601090662, 0.998683645709]
finished!

calculating string at kx = 0.1667
    N = 14 (0.831)
        WCC positions: 
        [0.00739318536072, 0.00822477632201, 0.0110316778709, 
        0.0117988174608, 0.494273897672, 0.525299961684, 
        0.763914088129, 0.767752303784, 0.800168413491, 
        0.813817408755, 0.891530400002, 0.911991239361, 
        0.995656430359, 0.99609243021, 0.997560521402, 
        0.997930892792, 0.998595089368, 0.998680247964]
    N = 18 (0.877)
        WCC positions: 
        [0.00737446951919, 0.00820925979156, 0.0110340238589, 
        0.0118175243343, 0.493742472224, 0.524861207489, 
        0.763743507308, 0.767732426297, 0.800194024165, 
        0.813946384396, 0.891178615839, 0.911653822851, 
        0.995682066925, 0.996132098703, 0.997565218553, 
        0.99793399131, 0.998599529018, 0.998685829062]
finished!

calculating string at kx = 0.1750
    N = 14 (0.839)
        WCC positions: 
        [0.00767333759468, 0.00850237184676, 0.0112382654759, 
        0.0119946135433, 0.495186641692, 0.523794045232, 
        0.76492823872, 0.768586832429, 0.80142801833, 
        0.814406417699, 0.891204411298, 0.909955480733, 
        0.995648867168, 0.996016688868, 0.997566635995, 
        0.997935797139, 0.998586952285, 0.998684296842]
    N = 18 (0.883)
        WCC positions: 
        [0.00765473363095, 0.00848675806711, 0.0112399341595, 
        0.0120098518763, 0.494703716224, 0.523382723713, 
        0.764776802889, 0.768573369336, 0.801466646939, 
        0.814543775921, 0.890842742577, 0.909605255724, 
        0.995673648131, 0.996054388223, 0.997570782628, 
        0.997938915571, 0.9985916957, 0.998690416935]
finished!

calculating string at kx = 0.1833
    N = 14 (0.845)
        WCC positions: 
        [0.00796425758807, 0.00879353422417, 0.0114496559931, 
        0.0122014958852, 0.495936906609, 0.522349345853, 
        0.765912951089, 0.769403176216, 0.802606005534, 
        0.814953273309, 0.89086629926, 0.908055832518, 
        0.995641343396, 0.995948342446, 0.997574686223, 
        0.997939469476, 0.998575654812, 0.998687912558]
    N = 18 (0.888)
        WCC positions: 
        [0.00794600699225, 0.00877824252741, 0.01145090623, 
        0.0122139441762, 0.495496053295, 0.521962642782, 
        0.765777799984, 0.769394655297, 0.802657722234, 
        0.815098946367, 0.890496909572, 0.907694541819, 
        0.995665392514, 0.995984042798, 0.997578393796, 
        0.997942535958, 0.99858041108, 0.998694673054]
finished!

calculating string at kx = 0.1917
    N = 14 (0.851)
        WCC positions: 
        [0.00826381524385, 0.00909560260243, 0.0116647722367, 
        0.0124170898049, 0.496546774937, 0.520960756272, 
        0.766870309874, 0.770202487419, 0.80370763839, 
        0.815459662144, 0.890516418115, 0.906279423758, 
        0.995633269849, 0.995886561487, 0.997584259763, 
        0.997942267631, 0.998562680748, 0.998689807388]
    N = 18 (0.893)
        WCC positions: 
        [0.00824606640423, 0.00908088764051, 0.0116658046353, 
        0.0124272853752, 0.496142055612, 0.520596066786, 
        0.766748934877, 0.770197649602, 0.803772316867, 
        0.815613407763, 0.890140483557, 0.905908468044, 
        0.99565673141, 0.99592034119, 0.997587650342, 
        0.997945234893, 0.998567345257, 0.998697201198]
finished!

calculating string at kx = 0.2000
    N = 14 (0.856)
        WCC positions: 
        [0.00856993570126, 0.00940616609056, 0.0118827947863, 
        0.0126395337464, 0.49703454807, 0.519624092234, 
        0.767801551025, 0.770985000121, 0.804738389432, 
        0.815927319577, 0.890155175189, 0.904615175099, 
        0.995623975072, 0.995830768538, 0.997595039465, 
        0.997944439712, 0.998548777359, 0.998689411135]
    N = 18 (0.897)
        WCC positions: 
        [0.00855292952719, 0.00939224858766, 0.0118836891267, 
        0.0126479383589, 0.49666116629, 0.519279073179, 
        0.767692029704, 0.770982934177, 0.804815596001, 
        0.816088945585, 0.889773780889, 0.904235636241, 
        0.995647011553, 0.995862727505, 0.997598172257, 
        0.997947270151, 0.998553329824, 0.998697334506]
finished!

calculating string at kx = 0.2083
    N = 14 (0.861)
        WCC positions: 
        [0.00888061176208, 0.00972301598947, 0.0121030538476, 
        0.0128674436082, 0.497415222947, 0.518334971201, 
        0.768707714961, 0.77175049117, 0.805702766873, 
        0.816357566217, 0.889783260843, 0.903052882355, 
        0.995612752454, 0.995780690407, 0.997606684465, 
        0.997946145713, 0.998534345795, 0.998686704951]
    N = 18 (0.900)
        WCC positions: 
        [0.00886443994934, 0.00971009001216, 0.0121038329996, 
        0.0128744108646, 0.497069660402, 0.518008288516, 
        0.768608449281, 0.771750469512, 0.805791950469, 
        0.816526762941, 0.889397596571, 0.902666296238, 
        0.995635604465, 0.995810784795, 0.997609680899, 
        0.997948856441, 0.998538754814, 0.998695038756]
finished!

calculating string at kx = 0.2167
    N = 14 (0.865)
        WCC positions: 
        [0.00919403398073, 0.0100442526163, 0.0123249128585, 
        0.0130997035032, 0.497702960879, 0.51709100761, 
        0.769589271368, 0.772498267769, 0.806605317391, 
        0.816751781115, 0.889402517529, 0.901584771533, 
        0.99559868265, 0.995736413157, 0.997619005987, 
        0.99794747522, 0.998519626285, 0.998681774723]
    N = 18 (0.904)
        WCC positions: 
        [0.00917884214146, 0.0100324146166, 0.0123257037004, 
        0.0131054315034, 0.497381858455, 0.516781090959, 
        0.769499026918, 0.772499953667, 0.806706047309, 
        0.816928455381, 0.889013223713, 0.901192031192, 
        0.995621585895, 0.995764557894, 0.997621898879, 
        0.997950080766, 0.998523874053, 0.998690407098]
finished!

calculating string at kx = 0.2250
    N = 14 (0.869)
        WCC positions: 
        [0.00950844804013, 0.0103679083411, 0.0125478602563, 
        0.0133353953729, 0.497909633921, 0.515890242555, 
        0.770446523255, 0.773227850681, 0.807450246916, 
        0.817111636897, 0.889014811955, 0.900204181405, 
        0.99558065534, 0.995698329631, 0.99763176534, 
        0.997948517156, 0.9985048055, 0.998674694076]
    N = 18 (0.907)
        WCC positions: 
        [0.00949429991339, 0.0103572281647, 0.0125486824641, 
        0.0133401633154, 0.49760969219, 0.515595559671, 
        0.770364297415, 0.773230997812, 0.807561702368, 
        0.817295323449, 0.888621977359, 0.89980590925, 
        0.995603919514, 0.995724436928, 0.997634538421, 
        0.997951044737, 0.998508894363, 0.99868356573]
finished!

calculating string at kx = 0.2333
    N = 14 (0.873)
        WCC positions: 
        [0.00982219715885, 0.0106922024008, 0.0127715266881, 
        0.0135738277872, 0.498045630303, 0.514730424188, 
        0.771279620329, 0.77393850626, 0.808241062059, 
        0.817438241293, 0.888622100197, 0.898904795689, 
        0.995557856589, 0.995666664046, 0.997644734198, 
        0.997949353758, 0.998490004753, 0.998665717716]
    N = 18 (0.909)
        WCC positions: 
        [0.00980918058443, 0.0106827379984, 0.0127724116783, 
        0.0135777927728, 0.497764300974, 0.514449791437, 
        0.771204315493, 0.773942690111, 0.808362812655, 
        0.817628770165, 0.888225984915, 0.898501648708, 
        0.99558169536, 0.995690730942, 0.997647418126, 
        0.997951811362, 0.998493972714, 0.998674696556]
finished!

calculating string at kx = 0.2417
    N = 14 (0.876)
        WCC positions: 
        [0.0101337102208, 0.0110154016738, 0.0129958688713, 
        0.0138145532733, 0.498121070243, 0.51361075284, 
        0.772088266731, 0.774629818808, 0.808981200548, 
        0.817733070151, 0.888227186938, 0.897681919564, 
        0.995530645886, 0.995640686656, 0.997657714274, 
        0.997949958515, 0.998475335857, 0.998655113683]
    N = 18 (0.912)
        WCC positions: 
        [0.0101218391206, 0.0110071726188, 0.0129968588328, 
        0.0138177922571, 0.497855957552, 0.513343103177, 
        0.772019118988, 0.774634661291, 0.809112593992, 
        0.817929992477, 0.887827790207, 0.897274524508, 
        0.995554930773, 0.995662982612, 0.997660370587, 
        0.997952374201, 0.998479195966, 0.998664072629]
finished!

calculating string at kx = 0.2500
    N = 14 (0.879)
        WCC positions: 
        [0.0104414846131, 0.0113357154657, 0.0132206991402, 
        0.0140568119053, 0.49814298406, 0.512529378385, 
        0.772872426483, 0.775300657827, 0.809673367648, 
        0.817997097488, 0.887831133296, 0.896530465254, 
        0.995500405608, 0.995618680822, 0.997670579457, 
        0.997950373726, 0.998460962797, 0.998642962668]
    N = 18 (0.914)
        WCC positions: 
        [0.0104308234759, 0.0113286914319, 0.013221826994, 
        0.014059556058, 0.497892683875, 0.512273589762, 
        0.772808944545, 0.775306132493, 0.809814127654, 
        0.818200272578, 0.887429087963, 0.89611907121, 
        0.995524807929, 0.995639622623, 0.997673219383, 
        0.997952729433, 0.998464683928, 0.998651947848]
finished!

calculating string at kx = 0.2583
    N = 14 (0.881)
        WCC positions: 
        [0.0107442763583, 0.0116512392095, 0.0134460989586, 
        0.0143002621208, 0.498119581841, 0.511485211174, 
        0.773631996229, 0.775950571361, 0.810320746998, 
        0.818231903771, 0.887436804261, 0.895446051022, 
        0.995468673797, 0.995598816833, 0.997683155897, 
        0.997950547639, 0.998446923827, 0.998629678392]
    N = 18 (0.916)
        WCC positions: 
        [0.0107348210265, 0.0116454774065, 0.0134474708921, 
        0.0143026127176, 0.497882361002, 0.511240695596, 
        0.773573624463, 0.775956705096, 0.81046993227, 
        0.818440724533, 0.887032157101, 0.895031494782, 
        0.995492949024, 0.995618798996, 0.997685804542, 
        0.997952868785, 0.998450527166, 0.9986385414]
finished!

calculating string at kx = 0.2667
    N = 14 (0.884)
        WCC positions: 
        [0.0110409274036, 0.0119601496817, 0.0136724276493, 
        0.0145442939694, 0.498057349139, 0.510477420458, 
        0.774366902072, 0.776579185092, 0.810925544198, 
        0.818438549786, 0.887046060302, 0.894425030088, 
        0.995436649423, 0.99557975695, 0.997695283602, 
        0.997950486078, 0.998433389799, 0.998615386534]
    N = 18 (0.918)
        WCC positions: 
        [0.0110326853073, 0.0119556307042, 0.0136739144566, 
        0.0145463628956, 0.497831795842, 0.510243369304, 
        0.774313159041, 0.776585763995, 0.811082938856, 
        0.818652920503, 0.886638984174, 0.894007678237, 
        0.995460612124, 0.995599095483, 0.997697979739, 
        0.99795280519, 0.998436838146, 0.998624098227]
finished!

calculating string at kx = 0.2750
    N = 14 (0.886)
        WCC positions: 
        [0.0113303440909, 0.0122606400638, 0.0138999594645, 
        0.0147884088891, 0.497962256892, 0.509505487348, 
        0.77507700198, 0.777186102751, 0.811490363048, 
        0.818618599216, 0.886660811988, 0.893464026687, 
        0.995404943637, 0.995560735232, 0.997706896976, 
        0.997950145403, 0.998420382649, 0.998600357644]
    N = 18 (0.919)
        WCC positions: 
        [0.011323268877, 0.0122573206951, 0.0139015461285, 
        0.0147903110932, 0.497747339364, 0.509281298079, 
        0.775027314398, 0.777192800462, 0.811655361358, 
        0.818838008573, 0.88625171272, 0.893044465891, 
        0.995428505418, 0.995579625758, 0.997709637915, 
        0.997952488687, 0.998423699074, 0.998608891909]
finished!

calculating string at kx = 0.2833
    N = 14 (0.888)
        WCC positions: 
        [0.0116116731025, 0.0125508275858, 0.0141291891866, 
        0.0150319405432, 0.497840456721, 0.508569568029, 
        0.775761760696, 0.777770506522, 0.812017454109, 
        0.818773411483, 0.886283579878, 0.892560676366, 
        0.995373996507, 0.995541348773, 0.99771785399, 
        0.997949493374, 0.998408065245, 0.998584726221]
    N = 18 (0.921)
        WCC positions: 
        [0.0116057436247, 0.0125486801039, 0.0141308856537, 
        0.0150339111235, 0.497634996737, 0.508354234279, 
        0.775716015973, 0.777777468698, 0.812189549131, 
        0.818997514625, 0.885872392646, 0.892138838152, 
        0.99539713684, 0.995559895098, 0.997720659584, 
        0.997951895855, 0.998411195106, 0.99859308535]
finished!

calculating string at kx = 0.2917
    N = 14 (0.890)
        WCC positions: 
        [0.0118841995485, 0.0128288504852, 0.0143604269635, 
        0.0152743541743, 0.497695651784, 0.507667425093, 
        0.776421577596, 0.778332474268, 0.812508473569, 
        0.818903910031, 0.885915177631, 0.891710694148, 
        0.995343932086, 0.995521387895, 0.997728111308, 
        0.997948473615, 0.998396460154, 0.998568841618]
    N = 18 (0.922)
        WCC positions: 
        [0.0118793308728, 0.012827851248, 0.0143623537965, 
        0.0152763780478, 0.497498979788, 0.507460646554, 
        0.776379397448, 0.778339630817, 0.812687394378, 
        0.819132519118, 0.885502155862, 0.891287042118, 
        0.995366649365, 0.995539676145, 0.997731001997, 
        0.997950940175, 0.998399441229, 0.998576920544]
finished!

calculating string at kx = 0.3000
    N = 14 (0.892)
        WCC positions: 
        [0.0121472884538, 0.013093152604, 0.0145942178426, 
        0.0155148015797, 0.497533135746, 0.50679950141, 
        0.777056214958, 0.778871687285, 0.812965660783, 
        0.819011757466, 0.885557625817, 0.89091193948, 
        0.995314926413, 0.995500724267, 0.997737578279, 
        0.99794706904, 0.998385647951, 0.998552825908]
    N = 18 (0.924)
        WCC positions: 
        [0.0121434872896, 0.0130932147625, 0.0145964211868, 
        0.0155170409462, 0.497344142925, 0.506600272608, 
        0.777017300274, 0.778878988492, 0.813150930731, 
        0.819244373676, 0.885142800278, 0.890486490756, 
        0.99533721825, 0.995518799199, 0.997740564253, 
        0.997949618821, 0.998388483521, 0.998560603767]
finished!

calculating string at kx = 0.3083
    N = 14 (0.894)
        WCC positions: 
        [0.0124006242076, 0.0133425038821, 0.0148306087134, 
        0.0157525574347, 0.497356908985, 0.505965102715, 
        0.777665409048, 0.779387795908, 0.813390845383, 
        0.819098245254, 0.885212355675, 0.890161700812, 
        0.995286998194, 0.995479381518, 0.997746206584, 
        0.997945247521, 0.998375691808, 0.998536847283]
    N = 18 (0.925)
        WCC positions: 
        [0.0123976968091, 0.0133435576482, 0.0148330767783, 
        0.0157551569474, 0.49717490736, 0.505772992526, 
        0.777629513328, 0.779395169068, 0.813582089631, 
        0.819334560013, 0.884795833378, 0.889734728394, 
        0.995308908318, 0.995497327657, 0.997749302406, 
        0.997947901814, 0.998378384551, 0.998544341299]
finished!

calculating string at kx = 0.3167
    N = 14 (0.896)
        WCC positions: 
        [0.012643755458, 0.0135760872788, 0.0150693580138, 
        0.015986792577, 0.497170774944, 0.50516386194, 
        0.778249393353, 0.779880824734, 0.813785927278, 
        0.819164853277, 0.88488063733, 0.889457539661, 
        0.99526020606, 0.99545744625, 0.99775399556, 
        0.997942952476, 0.998366634631, 0.99852114728]
    N = 18 (0.926)
        WCC positions: 
        [0.0126417704619, 0.0135779291091, 0.015072222333, 
        0.0159897742553, 0.496995264416, 0.504978517191, 
        0.778216179443, 0.779888050896, 0.813982760035, 
        0.819404504658, 0.884462690966, 0.889029406367, 
        0.995281781605, 0.995475211008, 0.997757175391, 
        0.997945720301, 0.998369193101, 0.998528284042]
finished!

calculating string at kx = 0.3250
    N = 14 (0.897)
        WCC positions: 
        [0.0128766080251, 0.0137933965609, 0.0153098950223, 
        0.016216645309, 0.496978323368, 0.504395635195, 
        0.778807992688, 0.780350536328, 0.81415271492, 
        0.819212948741, 0.884563730496, 0.888797305265, 
        0.995234661335, 0.995434882987, 0.997760904504, 
        0.997940167586, 0.998358547321, 0.998505775471]
    N = 18 (0.928)
        WCC positions: 
        [0.012875468148, 0.013795948854, 0.0153131869273, 
        0.0162200298355, 0.496808453738, 0.504216262075, 
        0.778777240201, 0.780357523536, 0.814354722442, 
        0.819455561776, 0.884144313343, 0.888368015456, 
        0.995255849603, 0.99545253754, 0.997764200368, 
        0.997943077076, 0.998360913876, 0.99851258707]
finished!

calculating string at kx = 0.3333
    N = 14 (0.899)
        WCC positions: 
        [0.0130990790186, 0.0139945533387, 0.0155511786641, 
        0.0164411339796, 0.496782594631, 0.503659583668, 
        0.779341282002, 0.780796814034, 0.814492880207, 
        0.819243723712, 0.884262669408, 0.888178614863, 
        0.995210328829, 0.995411855919, 0.997766948239, 
        0.997936891521, 0.99835138884, 0.998490945584]
    N = 18 (0.929)
        WCC positions: 
        [0.0130986865106, 0.0139977541579, 0.0155550022066, 
        0.016445075774, 0.496618012938, 0.50348604758, 
        0.779312824779, 0.780803557905, 0.814699849874, 
        0.819489270383, 0.883841903763, 0.887748435219, 
        0.995231183423, 0.99542938788, 0.997770379521, 
        0.997939947652, 0.998353609459, 0.998497374389]
finished!

calculating string at kx = 0.3417
    N = 14 (0.900)
        WCC positions: 
        [0.0133110765687, 0.0141800643074, 0.0157918371811, 
        0.0166594357566, 0.496586649165, 0.502955945553, 
        0.779849136942, 0.781219669594, 0.81480831524, 
        0.819259014571, 0.883978192674, 0.887599617209, 
        0.995187258277, 0.995388456169, 0.997772172707, 
        0.997933074694, 0.99834518847, 0.998476711671]
    N = 18 (0.930)
        WCC positions: 
        [0.0133113803528, 0.0141838067886, 0.0157962088826, 
        0.0166639657172, 0.496426715699, 0.502787594233, 
        0.77982290642, 0.781226231965, 0.815019609097, 
        0.819506737088, 0.883556156887, 0.887168631672, 
        0.995207775742, 0.99540592342, 0.997775715498, 
        0.997936298272, 0.998347257859, 0.998482775963]
finished!

calculating string at kx = 0.3500
    N = 14 (0.902)
        WCC positions: 
        [0.0135126811898, 0.0143505519999, 0.0160303987306, 
        0.0168706328515, 0.496393050298, 0.502284128589, 
        0.780331732147, 0.781619027601, 0.81510034011, 
        0.819259745077, 0.883711078175, 0.88705827825, 
        0.995165465981, 0.995364806098, 0.997776620561, 
        0.997928759381, 0.998339880722, 0.998463245646]
    N = 18 (0.931)
        WCC positions: 
        [0.0135135815868, 0.0143547336416, 0.0160353483144, 
        0.016875771055, 0.496237445324, 0.502120775526, 
        0.78030743425, 0.781625218671, 0.81531589017, 
        0.819509676597, 0.883287876163, 0.886626758747, 
        0.995185729985, 0.995382218702, 0.997780293266, 
        0.997932136724, 0.998341813907, 0.998468910501]
finished!

calculating string at kx = 0.3583
    N = 14 (0.903)
        WCC positions: 
        [0.0137039737062, 0.0145067664608, 0.0162653332435, 
        0.0170738110459, 0.496204097579, 0.501643661471, 
        0.78078905315, 0.781994814359, 0.815370663658, 
        0.819247249221, 0.883461744758, 0.886552593378, 
        0.995145000122, 0.995341021283, 0.997780327402, 
        0.997923941875, 0.998335490649, 0.99845056446]
    N = 18 (0.932)
        WCC positions: 
        [0.0137054364326, 0.0145113604265, 0.0162708903995, 
        0.0170796635681, 0.496052683779, 0.501485182001, 
        0.780766606885, 0.782000682524, 0.815590303762, 
        0.819499249788, 0.883037718379, 0.886120874334, 
        0.995165022461, 0.995358389981, 0.997784131674, 
        0.997927493216, 0.998337264218, 0.998455855436]
finished!

calculating string at kx = 0.3667
    N = 14 (0.904)
        WCC positions: 
        [0.0138850788687, 0.0146495500789, 0.0164950804656, 
        0.0172681955758, 0.496022180979, 0.501034359159, 
        0.781221245732, 0.78234710332, 0.815620853558, 
        0.819222894313, 0.883230691317, 0.8860807841, 
        0.995125976235, 0.995317216023, 0.99778339074, 
        0.997918659131, 0.998331963432, 0.998438653573]
    N = 18 (0.932)
        WCC positions: 
        [0.0138870587037, 0.014654407792, 0.0165013256557, 
        0.0172746603506, 0.4958742159, 0.500879936458, 
        0.781200470444, 0.782352572395, 0.815844289917, 
        0.819476581622, 0.882805696014, 0.885648650039, 
        0.995145757905, 0.995334560265, 0.997787317799, 
        0.997922374619, 0.998333591063, 0.998443595286]
finished!

calculating string at kx = 0.3750
    N = 14 (0.906)
        WCC positions: 
        [0.0140561290148, 0.0147796071613, 0.0167182360261, 
        0.0174530218225, 0.49584923865, 0.500456112915, 
        0.78162827817, 0.782675891538, 0.815852681674, 
        0.819188092481, 0.883018209891, 0.885641336167, 
        0.99510834136, 0.995293583383, 0.997785907176, 
        0.997912955707, 0.99832919231, 0.998427629854]
    N = 18 (0.933)
        WCC positions: 
        [0.0140585129242, 0.0147847169345, 0.0167252395964, 
        0.0174601192932, 0.495704663229, 0.500305605335, 
        0.781609204696, 0.782681057793, 0.816079464265, 
        0.819443081697, 0.882592516532, 0.8852090325, 
        0.995127890742, 0.995310874997, 0.997789958761, 
        0.997916815535, 0.998330721934, 0.998432190508]
finished!

calculating string at kx = 0.3833
    N = 14 (0.907)
        WCC positions: 
        [0.0142170723595, 0.0148976686632, 0.0169336398858, 
        0.0176273637951, 0.495687403744, 0.499908824451, 
        0.782010427433, 0.78298125863, 0.816067483032, 
        0.819143788104, 0.882824685447, 0.885232862872, 
        0.995092171797, 0.995270184511, 0.997787962971, 
        0.99790681698, 0.998327169892, 0.998417445067]
    N = 18 (0.934)
        WCC positions: 
        [0.0142198863578, 0.0149029215809, 0.0169412908172, 
        0.0176351873579, 0.495545963498, 0.499761947237, 
        0.781992967268, 0.782986102253, 0.81629757148, 
        0.819400086192, 0.882398442489, 0.884800473236, 
        0.995111531027, 0.995287449563, 0.997792122238, 
        0.997910844591, 0.998328575109, 0.998421674456]
finished!

calculating string at kx = 0.3917
    N = 14 (0.908)
        WCC positions: 
        [0.0143682329116, 0.0150042138797, 0.0171401074606, 
        0.0177906639767, 0.495538405199, 0.499392135253, 
        0.782367702023, 0.783263154745, 0.816266889687, 
        0.819091320394, 0.882650262783, 0.884853763267, 
        0.995077517727, 0.995247192691, 0.997789671469, 
        0.99790036418, 0.998325813719, 0.998408126474]
    N = 18 (0.935)
        WCC positions: 
        [0.0143714159585, 0.0150095800565, 0.0171484452726, 
        0.0177990869191, 0.495399548366, 0.49924825462, 
        0.782351668256, 0.783267531587, 0.816499734919, 
        0.819348347865, 0.882223426196, 0.884421219668, 
        0.995096677553, 0.995264425945, 0.997793938662, 
        0.997904544411, 0.998327124975, 0.998411988657]
finished!

calculating string at kx = 0.4000
    N = 14 (0.909)
        WCC positions: 
        [0.0145096411095, 0.0150997153976, 0.0173365527166, 
        0.0179423135312, 0.495403600456, 0.49890544059, 
        0.782700262903, 0.783521625427, 0.816452144778, 
        0.819031535349, 0.882494954104, 0.884502460639, 
        0.995064388119, 0.995224710441, 0.997791086993, 
        0.997893663071, 0.998325042294, 0.998399639798]
    N = 18 (0.936)
        WCC positions: 
        [0.0145131146834, 0.0151051773238, 0.0173455912075, 
        0.017951294975, 0.495267103911, 0.498764490226, 
        0.782685581511, 0.783525531869, 0.816687604104, 
        0.819289198417, 0.882067514792, 0.884069901275, 
        0.995083376441, 0.995241920982, 0.997795452269, 
        0.997897971294, 0.998326266328, 0.998403168689]
finished!

calculating string at kx = 0.4083
    N = 14 (0.910)
        WCC positions: 
        [0.0146413822658, 0.0151845905093, 0.0175221776594, 
        0.0180815201322, 0.495284358433, 0.498448565118, 
        0.783008047245, 0.783756572369, 0.81662458005, 
        0.818965270662, 0.882358693096, 0.8841777848, 
        0.995052827777, 0.995202890169, 0.997792334097, 
        0.997886753464, 0.998324787881, 0.99839193266]
    N = 18 (0.936)
        WCC positions: 
        [0.0146451675544, 0.0151901141342, 0.0175318495477, 
        0.0180911750489, 0.495150129211, 0.498310396229, 
        0.782994766034, 0.783760122938, 0.81686252686, 
        0.819223534188, 0.88193082163, 0.883745320632, 
        0.995071641609, 0.995220104224, 0.997796841764, 
        0.997891204905, 0.998325939246, 0.998395136816]
finished!

calculating string at kx = 0.4167
    N = 14 (0.911)
        WCC positions: 
        [0.014763610144, 0.0152591271044, 0.0176962621571, 
        0.0182080142271, 0.495182312054, 0.498021542461, 
        0.783291524802, 0.783968280882, 0.816785543893, 
        0.818893570195, 0.882241502262, 0.883878628728, 
        0.995042871253, 0.995181813904, 0.997793557472, 
        0.997879742846, 0.998324995318, 0.998384930165]
    N = 18 (0.937)
        WCC positions: 
        [0.0147676255974, 0.0152647506817, 0.0177065169564, 
        0.0182182859629, 0.495050078625, 0.497885865585, 
        0.783279378772, 0.783971269782, 0.817025940444, 
        0.819152357431, 0.881813233855, 0.883446306583, 
        0.995061509328, 0.995199046603, 0.997798148946, 
        0.997884313162, 0.998326087917, 0.998387845166]
finished!

calculating string at kx = 0.4250
    N = 14 (0.912)
        WCC positions: 
        [0.0148764052901, 0.0153235978932, 0.0178581307673, 
        0.0183212434486, 0.495098490512, 0.497623871384, 
        0.783550484792, 0.784156615348, 0.816936263958, 
        0.818817154749, 0.88214329858, 0.883603822765, 
        0.995034526322, 0.995161610877, 0.997794824517, 
        0.997872693257, 0.998325608406, 0.998378569746]
    N = 18 (0.938)
        WCC positions: 
        [0.014880640176, 0.0153292688512, 0.0178688726376, 
        0.0183320407465, 0.494968002021, 0.497490349196, 
        0.783539491713, 0.784159115782, 0.817178814712, 
        0.819076147641, 0.88171476102, 0.883171668837, 
        0.995053021288, 0.995178870921, 0.997799475211, 
        0.997877351019, 0.998326653533, 0.998381247066]
finished!

calculating string at kx = 0.4333
    N = 14 (0.913)
        WCC positions: 
        [0.0149797789209, 0.0153782225335, 0.0180071192295, 
        0.0184207634515, 0.495033944428, 0.497255393124, 
        0.783785356146, 0.784321774132, 0.817077997632, 
        0.81873680631, 0.88206394814, 0.883352481147, 
        0.995027823617, 0.995142420796, 0.997796185557, 
        0.997865656054, 0.998326554135, 0.998372833487]
    N = 18 (0.938)
        WCC positions: 
        [0.0149842270238, 0.0153839504636, 0.0180183373809, 
        0.0184320784035, 0.494904967653, 0.497123759171, 
        0.783775458525, 0.784323788403, 0.817322465124, 
        0.818995848891, 0.881635134398, 0.88292048131, 
        0.995046165148, 0.995159715124, 0.997800924015, 
        0.997870441441, 0.998327556994, 0.998375273688]
finished!

calculating string at kx = 0.4417
    N = 14 (0.914)
        WCC positions: 
        [0.015073817095, 0.0154231335443, 0.0181428234198, 
        0.0185062494903, 0.494989850517, 0.496915778088, 
        0.783996001541, 0.784463495608, 0.81721174473, 
        0.818652971054, 0.882003505488, 0.883123799062, 
        0.995022776788, 0.995124329151, 0.997797731265, 
        0.997858757854, 0.9983277843, 0.998367670292]
    N = 18 (0.939)
        WCC positions: 
        [0.0150784435613, 0.0154288568811, 0.0181545172811, 
        0.018517991331, 0.494862230797, 0.49678585678, 
        0.783987195898, 0.784465010157, 0.817458090529, 
        0.818912057811, 0.881574390558, 0.882691911889, 
        0.995041000463, 0.995141595281, 0.997802538242, 
        0.997863595137, 0.998328771902, 0.998369874116]
finished!

calculating string at kx = 0.4500
    N = 14 (0.914)
        WCC positions: 
        [0.0151585537921, 0.0154584956459, 0.018264798839, 
        0.0185773398293, 0.494966943942, 0.496604677005, 
        0.78418266991, 0.784582018429, 0.817338594016, 
        0.81856629593, 0.881961608515, 0.882916766283, 
        0.995019449279, 0.995107392962, 0.997799549695, 
        0.997852031937, 0.998329271953, 0.998362982223]
    N = 18 (0.939)
        WCC positions: 
        [0.0151633933238, 0.0154641658373, 0.0182768464642, 
        0.0185894802083, 0.494840592856, 0.496476381749, 
        0.784174900729, 0.784582996071, 0.81758663701, 
        0.818825243257, 0.881532412924, 0.882485186286, 
        0.995037554502, 0.995124664382, 0.997804407849, 
        0.997856923823, 0.998330253822, 0.998364993928]
finished!

calculating string at kx = 0.4583
    N = 14 (0.915)
        WCC positions: 
        [0.0152341054207, 0.0154843673274, 0.0183726476549, 
        0.0186338900572, 0.49496633769, 0.496321924918, 
        0.78434553138, 0.784677346327, 0.817459596884, 
        0.818477245035, 0.881938398824, 0.882730839192, 
        0.995017794429, 0.995091738028, 0.997801679484, 
        0.997845534532, 0.998330981564, 0.998358722893]
    N = 18 (0.940)
        WCC positions: 
        [0.0152390765628, 0.0154900115043, 0.0183850564933, 
        0.0186463127795, 0.494840925724, 0.49619501036, 
        0.784338608733, 0.784677641105, 0.817709104646, 
        0.818735858019, 0.881509004377, 0.882299557075, 
        0.995035803497, 0.99510903308, 0.997806567633, 
        0.997850472067, 0.998331956762, 0.998360567066]
finished!

calculating string at kx = 0.4667
    N = 14 (0.916)
        WCC positions: 
        [0.0153004796728, 0.015500842526, 0.0184661162939, 
        0.0186756038232, 0.4949888084, 0.496067371153, 
        0.784484608202, 0.784749393476, 0.817575412461, 
        0.818385988629, 0.881933736715, 0.882565476922, 
        0.995017800292, 0.995077415369, 0.997804141752, 
        0.997839324171, 0.998332884602, 0.998354854059]
    N = 18 (0.940)
        WCC positions: 
        [0.0153055610998, 0.0155064893573, 0.0184788516785, 
        0.0186883135661, 0.494863932431, 0.495941347807, 
        0.784478498878, 0.784749078168, 0.817826221352, 
        0.818644060891, 0.881504088704, 0.882134377244, 
        0.995035723198, 0.995094704134, 0.99780911063, 
        0.99784433092, 0.998333861724, 0.998356523655]
finished!

calculating string at kx = 0.4750
    N = 14 (0.917)
        WCC positions: 
        [0.0153576486615, 0.0155080289109, 0.0185449895651, 
        0.0187023613582, 0.495034825114, 0.495840359875, 
        0.784599877771, 0.784798074893, 0.817686944565, 
        0.818292799005, 0.88194750465, 0.882420091093, 
        0.995019549244, 0.995064486733, 0.997807030472, 
        0.997833464449, 0.99833495449, 0.998351309018]
    N = 18 (0.941)
        WCC positions: 
        [0.0153628458754, 0.015513631965, 0.0185578522193, 
        0.0187153057575, 0.494910467538, 0.495715065081, 
        0.784594674079, 0.784797223126, 0.817939035678, 
        0.818550317367, 0.88151766232, 0.881989100314, 
        0.995037353438, 0.995081866533, 0.997812004963, 
        0.997838483551, 0.998335978625, 0.998352855486]
finished!

calculating string at kx = 0.4833
    N = 14 (0.917)
        WCC positions: 
        [0.0154056276406, 0.0155059763705, 0.0186088780597, 
        0.0187139817201, 0.495105036745, 0.495640538091, 
        0.784691582276, 0.784823554068, 0.817794524022, 
        0.818197463643, 0.881979692013, 0.882294218383, 
        0.995022948765, 0.995053076421, 0.997810339216, 
        0.997827980723, 0.998337209668, 0.998348041127]
    N = 18 (0.941)
        WCC positions: 
        [0.015410922094, 0.0155115191389, 0.0186219333102, 
        0.0187270958263, 0.494981020253, 0.49551584582, 
        0.784687148831, 0.784821993289, 0.81804776401, 
        0.818454268041, 0.881549670702, 0.881863405434, 
        0.995040690934, 0.99507049687, 0.997815330904, 
        0.997833013249, 0.998338290711, 0.998349466816]
finished!

calculating string at kx = 0.4917
    N = 14 (0.918)
        WCC positions: 
        [0.0154444428679, 0.0154946800276, 0.0186578603761, 
        0.0187104415125, 0.495200167587, 0.49546744664, 
        0.784759704707, 0.784825634827, 0.817899047879, 
        0.818100239449, 0.882030370411, 0.88218746326, 
        0.995028048862, 0.995043145879, 0.997814106859, 
        0.997822900013, 0.998339652693, 0.998345016909]
    N = 18 (0.942)
        WCC positions: 
        [0.0154498199333, 0.0155001418473, 0.0186710524317, 
        0.0187236363288, 0.49507638115, 0.495343278508, 
        0.784756007387, 0.784823377705, 0.818153351488, 
        0.818356309791, 0.881600215452, 0.881756890974, 
        0.995045693281, 0.995060623622, 0.997819107516, 
        0.997827956666, 0.99834077111, 0.998346341966]
finished!

calculating string at kx = 0.5000
    N = 14 (0.918)
        WCC positions: 
        [0.0154741386256, 0.0154741388066, 0.0186917390112, 
        0.0186917391683, 0.495320740481, 0.495320741904, 
        0.784804427119, 0.78480442784, 0.818000770208, 
        0.818000770589, 0.882099454604, 0.882099455216, 
        0.995034793401, 0.995034793569, 0.997818264489, 
        0.997818264573, 0.998342238114, 0.998342238228]
    N = 18 (0.942)
        WCC positions: 
        [0.0154795618789, 0.0154795620763, 0.0187049576487, 
        0.018704957793, 0.495196960481, 0.49519696199, 
        0.784801426016, 0.784801426741, 0.818256091595, 
        0.818256091959, 0.881669200629, 0.881669201137, 
        0.995052351991, 0.995052352158, 0.997823312112, 
        0.997823312189, 0.998343449507, 0.998343449615]
finished!

Checking neighbouring k-points k = 0.0000 and k = 0.0083
Condition fulfilled

Checking neighbouring k-points k = 0.0083 and k = 0.0167
Condition fulfilled

Checking neighbouring k-points k = 0.0167 and k = 0.0250
Condition fulfilled

Checking neighbouring k-points k = 0.0250 and k = 0.0333
Condition fulfilled

Checking neighbouring k-points k = 0.0333 and k = 0.0417
Condition fulfilled

Checking neighbouring k-points k = 0.0417 and k = 0.0500
Condition fulfilled

Checking neighbouring k-points k = 0.0500 and k = 0.0583
Condition fulfilled

Checking neighbouring k-points k = 0.0583 and k = 0.0667
Condition fulfilled

Checking neighbouring k-points k = 0.0667 and k = 0.0750
Condition fulfilled

Checking neighbouring k-points k = 0.0750 and k = 0.0833
Condition fulfilled

Checking neighbouring k-points k = 0.0833 and k = 0.0917
Condition fulfilled

Checking neighbouring k-points k = 0.0917 and k = 0.1000
Condition fulfilled

Checking neighbouring k-points k = 0.1000 and k = 0.1083
Condition fulfilled

Checking neighbouring k-points k = 0.1083 and k = 0.1167
Condition fulfilled

Checking neighbouring k-points k = 0.1167 and k = 0.1250
Condition fulfilled

Checking neighbouring k-points k = 0.1250 and k = 0.1333
Condition fulfilled

Checking neighbouring k-points k = 0.1333 and k = 0.1417
Condition fulfilled

Checking neighbouring k-points k = 0.1417 and k = 0.1500
Condition fulfilled

Checking neighbouring k-points k = 0.1500 and k = 0.1583
Condition fulfilled

Checking neighbouring k-points k = 0.1583 and k = 0.1667
Condition fulfilled

Checking neighbouring k-points k = 0.1667 and k = 0.1750
Condition fulfilled

Checking neighbouring k-points k = 0.1750 and k = 0.1833
Condition fulfilled

Checking neighbouring k-points k = 0.1833 and k = 0.1917
Condition fulfilled

Checking neighbouring k-points k = 0.1917 and k = 0.2000
Condition fulfilled

Checking neighbouring k-points k = 0.2000 and k = 0.2083
Condition fulfilled

Checking neighbouring k-points k = 0.2083 and k = 0.2167
Condition fulfilled

Checking neighbouring k-points k = 0.2167 and k = 0.2250
Condition fulfilled

Checking neighbouring k-points k = 0.2250 and k = 0.2333
Condition fulfilled

Checking neighbouring k-points k = 0.2333 and k = 0.2417
Condition fulfilled

Checking neighbouring k-points k = 0.2417 and k = 0.2500
Condition fulfilled

Checking neighbouring k-points k = 0.2500 and k = 0.2583
Condition fulfilled

Checking neighbouring k-points k = 0.2583 and k = 0.2667
Condition fulfilled

Checking neighbouring k-points k = 0.2667 and k = 0.2750
Condition fulfilled

Checking neighbouring k-points k = 0.2750 and k = 0.2833
Condition fulfilled

Checking neighbouring k-points k = 0.2833 and k = 0.2917
Condition fulfilled

Checking neighbouring k-points k = 0.2917 and k = 0.3000
Condition fulfilled

Checking neighbouring k-points k = 0.3000 and k = 0.3083
Condition fulfilled

Checking neighbouring k-points k = 0.3083 and k = 0.3167
Condition fulfilled

Checking neighbouring k-points k = 0.3167 and k = 0.3250
Condition fulfilled

Checking neighbouring k-points k = 0.3250 and k = 0.3333
Condition fulfilled

Checking neighbouring k-points k = 0.3333 and k = 0.3417
Condition fulfilled

Checking neighbouring k-points k = 0.3417 and k = 0.3500
Condition fulfilled

Checking neighbouring k-points k = 0.3500 and k = 0.3583
Condition fulfilled

Checking neighbouring k-points k = 0.3583 and k = 0.3667
Condition fulfilled

Checking neighbouring k-points k = 0.3667 and k = 0.3750
Condition fulfilled

Checking neighbouring k-points k = 0.3750 and k = 0.3833
Condition fulfilled

Checking neighbouring k-points k = 0.3833 and k = 0.3917
Condition fulfilled

Checking neighbouring k-points k = 0.3917 and k = 0.4000
Condition fulfilled

Checking neighbouring k-points k = 0.4000 and k = 0.4083
Condition fulfilled

Checking neighbouring k-points k = 0.4083 and k = 0.4167
Condition fulfilled

Checking neighbouring k-points k = 0.4167 and k = 0.4250
Condition fulfilled

Checking neighbouring k-points k = 0.4250 and k = 0.4333
Condition fulfilled

Checking neighbouring k-points k = 0.4333 and k = 0.4417
Condition fulfilled

Checking neighbouring k-points k = 0.4417 and k = 0.4500
Condition fulfilled

Checking neighbouring k-points k = 0.4500 and k = 0.4583
Condition fulfilled

Checking neighbouring k-points k = 0.4583 and k = 0.4667
Condition fulfilled

Checking neighbouring k-points k = 0.4667 and k = 0.4750
Condition fulfilled

Checking neighbouring k-points k = 0.4750 and k = 0.4833
Condition fulfilled

Checking neighbouring k-points k = 0.4833 and k = 0.4917
Condition fulfilled

Checking neighbouring k-points k = 0.4917 and k = 0.5000
Condition fulfilled

+----------------------------------------------------------------------+
|                       finished wcc calculation                       |
|                       time: 0 h 35 min 51 sec                        |
+----------------------------------------------------------------------+
HgTe.py
