+----------------------------------------------------------------------+
| starting wcc calculation                                             |
|                                                                      |
| gap_tol             0.02                                             |
| iterator            [14, 18, 22, 26, 30, 34, 38, 42, 46, 50, 54, 58] |
| min_neighbour_dist  0.001                                            |
| no_iter             False                                            |
| no_neighbour_check  False                                            |
| num_strings         61                                               |
| use_pickle          True                                             |
| verbose             True                                             |
| wcc_tol             0.01                                             |
+----------------------------------------------------------------------+
calculating string at kx = 0.0000
    N = 14 (0.918)
        WCC positions: 
        [0.0154741386256, 0.0154741388066, 0.0186917390112, 
        0.0186917391683, 0.495320740481, 0.495320741904, 
        0.784804427119, 0.78480442784, 0.818000770208, 
        0.818000770589, 0.882099454604, 0.882099455216, 
        0.995034793401, 0.995034793569, 0.997818264489, 
        0.997818264573, 0.998342238114, 0.998342238228]
    N = 18 (0.942)
        WCC positions: 
        [0.0154795618789, 0.0154795620763, 0.0187049576487, 
        0.018704957793, 0.495196960481, 0.49519696199, 
        0.784801426016, 0.784801426741, 0.818256091595, 
        0.818256091959, 0.881669200629, 0.881669201137, 
        0.995052351991, 0.995052352158, 0.997823312112, 
        0.997823312189, 0.998343449507, 0.998343449615]
finished!

calculating string at kx = 0.0083
    N = 14 (0.913)
        WCC positions: 
        [0.0151773041227, 0.0156218673046, 0.0186765215742, 
        0.0188673403293, 0.493991997623, 0.496603899534, 
        0.783766051683, 0.785844297069, 0.817178626513, 
        0.818895250413, 0.881575866092, 0.882673073633, 
        0.995014661836, 0.995058455893, 0.997789170196, 
        0.997845031694, 0.998316469183, 0.99836668977]
    N = 18 (0.939)
        WCC positions: 
        [0.0151774763122, 0.0156299395031, 0.018691950653, 
        0.0188813297112, 0.493860807416, 0.496486351847, 
        0.783745514809, 0.785854854035, 0.817424005088, 
        0.819161919164, 0.88114706059, 0.882244825254, 
        0.995032217858, 0.995075881967, 0.997794161167, 
        0.997849982155, 0.99831759752, 0.998367927891]
finished!

calculating string at kx = 0.0167
    N = 14 (0.909)
        WCC positions: 
        [0.0147913175793, 0.0155991191082, 0.018826596968, 
        0.0191581314298, 0.492670975671, 0.49779433207, 
        0.782769886109, 0.786852546087, 0.816460386306, 
        0.819822950233, 0.881118838461, 0.883273119683, 
        0.994998285247, 0.995085366619, 0.997758225851, 
        0.997869076294, 0.998289753802, 0.998389563688]
    N = 18 (0.937)
        WCC positions: 
        [0.0147855887104, 0.0156064437277, 0.0188470141728, 
        0.0191748322098, 0.492531742368, 0.497681599969, 
        0.782730354208, 0.786871936017, 0.816698157206, 
        0.82010136123, 0.880694866937, 0.882850453484, 
        0.995015724343, 0.995102581, 0.997763065147, 
        0.997873836733, 0.998290735423, 0.998390746448]
finished!

calculating string at kx = 0.0250
    N = 14 (0.907)
        WCC positions: 
        [0.0143712160138, 0.0154434158196, 0.0190904170757, 
        0.0195186202106, 0.491409571866, 0.498857420297, 
        0.7818583308, 0.787809498222, 0.815865203265, 
        0.820744591783, 0.880736992778, 0.88387350289, 
        0.994985881268, 0.995115271309, 0.997726120308, 
        0.997890314172, 0.99826250256, 0.998410724807]
    N = 18 (0.936)
        WCC positions: 
        [0.0143601364177, 0.0154477889901, 0.0191166748872, 
        0.0195392707167, 0.491262727057, 0.498748587529, 
        0.781800029944, 0.787832117623, 0.816098084149, 
        0.821033851969, 0.880320650736, 0.883459694265, 
        0.995003102833, 0.995132199288, 0.997730718786, 
        0.997894767564, 0.998263325754, 0.998411797224]
finished!

calculating string at kx = 0.0333
    N = 14 (0.906)
        WCC positions: 
        [0.0139528583277, 0.015211506223, 0.0194039443802, 
        0.0199139416948, 0.490251172079, 0.499773935425, 
        0.781067058955, 0.788708387528, 0.815398242079, 
        0.821626592227, 0.88043081991, 0.884449688317, 
        0.99497761965, 0.995147861978, 0.997693487688, 
        0.99790885492, 0.998235151875, 0.99843018706]
    N = 18 (0.937)
        WCC positions: 
        [0.0139375650538, 0.0152124125597, 0.0194350466833, 
        0.0199393964367, 0.490097586689, 0.499667546639, 
        0.78099274242, 0.788729789258, 0.815628721775, 
        0.821924521865, 0.880023870792, 0.884046587025, 
        0.994994503398, 0.995164519521, 0.997697759964, 
        0.997912898012, 0.998235787843, 0.998431101189]
finished!

calculating string at kx = 0.0417
    N = 14 (0.907)
        WCC positions: 
        [0.0135566918141, 0.0149460236388, 0.0197249424743, 
        0.0203168957212, 0.48922648391, 0.500538278869, 
        0.780420508116, 0.789552304873, 0.815053331596, 
        0.822444554956, 0.880194864829, 0.884981502923, 
        0.994973575031, 0.995182899856, 0.997660939035, 
        0.997924968708, 0.998208046074, 0.998448083635]
    N = 18 (0.939)
        WCC positions: 
        [0.0135384700936, 0.0149437587873, 0.0197595262339, 
        0.0203471049853, 0.489067950784, 0.500433126166, 
        0.780334178801, 0.789569378756, 0.815283305073, 
        0.822748239153, 0.879798315841, 0.884589798594, 
        0.994990070213, 0.995199274679, 0.997664884943, 
        0.99792853528, 0.998208504499, 0.998448789401]
finished!

calculating string at kx = 0.0500
    N = 14 (0.910)
        WCC positions: 
        [0.0131929892325, 0.0146723796002, 0.0200326659412, 
        0.0207070783295, 0.488352416973, 0.50115632353, 
        0.779930062632, 0.790350415048, 0.814816386525, 
        0.823183917413, 0.880019917004, 0.885455285512, 
        0.994973803955, 0.99522013462, 0.997628917322, 
        0.997938982352, 0.998181504288, 0.998464602551]
    N = 18 (0.941)
        WCC positions: 
        [0.0131730761574, 0.0146675134071, 0.0200696267282, 
        0.0207412044416, 0.488191409451, 0.50105151783, 
        0.779836142518, 0.79036137621, 0.815047302129, 
        0.823490406547, 0.879634219053, 0.885074728296, 
        0.994989871871, 0.995236232844, 0.997632563033, 
        0.997942042792, 0.998181808315, 0.998465062298]
finished!

calculating string at kx = 0.0583
    N = 14 (0.913)
        WCC positions: 
        [0.0128661947281, 0.0144048091692, 0.0203180416541, 
        0.0210711287977, 0.487633418618, 0.501640310177, 
        0.779596149691, 0.791113862619, 0.814669987566, 
        0.823838455531, 0.879895329985, 0.885863371327, 
        0.994978286478, 0.995259254923, 0.997597841206, 
        0.997951324996, 0.998155719357, 0.998479953026]
    N = 18 (0.945)
        WCC positions: 
        [0.0128454427089, 0.0143980576645, 0.0203565268385, 
        0.021107995134, 0.487472115137, 0.501535177782, 
        0.779498449737, 0.791117899026, 0.814902386456, 
        0.82414502779, 0.87952010261, 0.885492905445, 
        0.99499392126, 0.995275144726, 0.997601200988, 
        0.997953829336, 0.998155896935, 0.99848013857]
finished!

calculating string at kx = 0.0667
    N = 14 (0.918)
        WCC positions: 
        [0.0125768806368, 0.014150919823, 0.0205775448417, 
        0.0214018330355, 0.487065022364, 0.502007113852, 
        0.779409087389, 0.791851671679, 0.814596835282, 
        0.824408759704, 0.879810971369, 0.88620433712, 
        0.994986939249, 0.995300009468, 0.997567905305, 
        0.997962356935, 0.998130836903, 0.998494346114]
    N = 18 (0.948)
        WCC positions: 
        [0.0125560771706, 0.0141428608235, 0.020616919891, 
        0.0214402920422, 0.486905336402, 0.501901142595, 
        0.779311159801, 0.791849285439, 0.814830566042, 
        0.824713137091, 0.879445473616, 0.885842542887, 
        0.995002154979, 0.995315688555, 0.997571031128, 
        0.997964283215, 0.998130935809, 0.998494260934]
finished!

calculating string at kx = 0.0750
    N = 14 (0.923)
        WCC positions: 
        [0.0123236896436, 0.0139146057676, 0.0208102309859, 
        0.021696454339, 0.486634974312, 0.502273512772, 
        0.77935350007, 0.792570376419, 0.814580792274, 
        0.824899110747, 0.879757040841, 0.886480176666, 
        0.994999560564, 0.995342142732, 0.997539193034, 
        0.997972428448, 0.998106944633, 0.998507904004]
    N = 18 (0.952)
        WCC positions: 
        [0.0123033375412, 0.0139056212344, 0.0208499868357, 
        0.0217355866094, 0.486478337373, 0.502166747991, 
        0.779257810386, 0.792562396311, 0.814815500552, 
        0.825199926026, 0.879400273287, 0.886125803965, 
        0.995014360151, 0.995357647631, 0.997542151724, 
        0.997973784445, 0.998106986614, 0.998507564436]
finished!

calculating string at kx = 0.0833
    N = 14 (0.928)
        WCC positions: 
        [0.0121043734333, 0.0136976119186, 0.0210165014006, 
        0.0219553389068, 0.48632844336, 0.50245676319, 
        0.779411400992, 0.793273672828, 0.814608479922, 
        0.825316459515, 0.879725587323, 0.88669622355, 
        0.995015946536, 0.995385331882, 0.997511758734, 
        0.997981778224, 0.99808406876, 0.998520834658]
    N = 18 (0.956)
        WCC positions: 
        [0.0120848058847, 0.0136880749553, 0.0210563654722, 
        0.0219944623841, 0.486175776637, 0.502349246951, 
        0.779319988791, 0.793261585219, 0.814843720911, 
        0.825613028957, 0.879376521431, 0.886347986185, 
        0.995030340074, 0.995400679578, 0.997514565507, 
        0.997982596929, 0.998084107158, 0.998520257556]
finished!

calculating string at kx = 0.0917
    N = 14 (0.933)
        WCC positions: 
        [0.0119160909032, 0.0135003864587, 0.0211976589871, 
        0.022180390715, 0.486128578355, 0.502572219989, 
        0.779563292218, 0.79396229784, 0.814669155057, 
        0.825668955014, 0.879710153488, 0.886859255433, 
        0.995035776303, 0.99542932984, 0.997485549955, 
        0.997990604917, 0.99806221619, 0.998533238161]
    N = 18 (0.960)
        WCC positions: 
        [0.0118974281003, 0.0134905430429, 0.0212374080984, 
        0.0222191854384, 0.485980554413, 0.502464544551, 
        0.779477200923, 0.793947206923, 0.814904524435, 
        0.825960982568, 0.879367817751, 0.886516398644, 
        0.995049770272, 0.995444529088, 0.997488246161, 
        0.997990927851, 0.998062274939, 0.998532433983]
finished!

calculating string at kx = 0.1000
    N = 14 (0.938)
        WCC positions: 
        [0.0117558878616, 0.013322569312, 0.0213554630816, 
        0.0223746576551, 0.486018221026, 0.502633428394, 
        0.77979055784, 0.794635289866, 0.81475439168, 
        0.825964939409, 0.879705590108, 0.886976756407, 
        0.995058642459, 0.995473811652, 0.997460516776, 
        0.997999101409, 0.998041375052, 0.998545174567]
    N = 18 (0.963)
        WCC positions: 
        [0.011738187018, 0.0133125780521, 0.0213948849262, 
        0.0224127978687, 0.485874605744, 0.502525410249, 
        0.779710052283, 0.794617940205, 0.814989377587, 
        0.826252215566, 0.879368706843, 0.886638071065, 
        0.995072241729, 0.995488881882, 0.997463118187, 
        0.997998880091, 0.998041506624, 0.998544171333]
finished!

calculating string at kx = 0.1083
    N = 14 (0.943)
        WCC positions: 
        [0.011620712181, 0.0131633487382, 0.0214918321027, 
        0.0225411479459, 0.485980756706, 0.502651309608, 
        0.780074707933, 0.795289122419, 0.814857850919, 
        0.826212114872, 0.879707702142, 0.887055677511, 
        0.9950841181, 0.995518504411, 0.997436564099, 
        0.998007242852, 0.998021602209, 0.998556619758]
    N = 18 (0.964)
        WCC positions: 
        [0.0116040291984, 0.0131533252225, 0.0215308516554, 
        0.0225785128043, 0.485841698997, 0.502543189621, 
        0.780000459869, 0.795270947376, 0.815092121448, 
        0.826494826331, 0.879375499886, 0.886720493214, 
        0.99509738142, 0.995533443798, 0.997439090931, 
        0.998006231553, 0.998022157399, 0.998555468551]
finished!

calculating string at kx = 0.1167
    N = 14 (0.947)
        WCC positions: 
        [0.0115080034192, 0.0130217533934, 0.0216088834204, 
        0.0226833348031, 0.486001307816, 0.502635434798, 
        0.780401012343, 0.795921370319, 0.81497439004, 
        0.826417737185, 0.87971346089, 0.887102759192, 
        0.995111775136, 0.995563092938, 0.99741362242, 
        0.998002131618, 0.99801580267, 0.998567656664]
    N = 18 (0.966)
        WCC positions: 
        [0.011492294147, 0.0130117247711, 0.0216474181033, 
        0.0227197715492, 0.48586661567, 0.50252767908, 
        0.780332414937, 0.795902614905, 0.815207817538, 
        0.82669616402, 0.879385075679, 0.88677067697, 
        0.995124696145, 0.995577913355, 0.997416044383, 
        0.998001274593, 0.998015871052, 0.998566368677]
finished!

calculating string at kx = 0.1250
    N = 14 (0.950)
        WCC positions: 
        [0.0114151286022, 0.0128965499758, 0.0217086447073, 
        0.0228041837206, 0.48606651478, 0.502593721292, 
        0.780754806655, 0.796527556386, 0.815100056327, 
        0.826588008537, 0.87972064644, 0.887124193036, 
        0.995141138032, 0.995607252075, 0.997391568573, 
        0.997984163985, 0.998023567458, 0.998578245699]
    N = 18 (0.967)
        WCC positions: 
        [0.0114004114272, 0.0128866691426, 0.0217466484779, 
        0.0228397445316, 0.485936042345, 0.502486387025, 
        0.780692004458, 0.796509164861, 0.815332683651, 
        0.826862601751, 0.879395415303, 0.886794647189, 
        0.99515375011, 0.995621992545, 0.997393940598, 
        0.997983796543, 0.998022849567, 0.998576841142]
finished!

calculating string at kx = 0.1333
    N = 14 (0.951)
        WCC positions: 
        [0.0113398935177, 0.0127865717311, 0.0217931426158, 
        0.0229066283038, 0.48616476639, 0.502532643913, 
        0.78112441779, 0.797104365226, 0.81523194283, 
        0.826728788568, 0.879727710657, 0.887125367081, 
        0.99517168055, 0.995650754853, 0.997370409296, 
        0.997966926549, 0.998031243788, 0.998588363304]
    N = 18 (0.969)
        WCC positions: 
        [0.0113260389165, 0.0127769513179, 0.021830584084, 
        0.0229413121104, 0.486037932599, 0.502425498133, 
        0.781067151556, 0.797086837798, 0.815463491553, 
        0.826999713061, 0.879404779694, 0.886797630292, 
        0.995183992005, 0.99566537568, 0.997372734966, 
        0.997966654441, 0.998030160634, 0.998586883631]
finished!

calculating string at kx = 0.1417
    N = 14 (0.953)
        WCC positions: 
        [0.0112800285607, 0.0126907544012, 0.0218643106822, 
        0.0229931233903, 0.486285720416, 0.5024572207, 
        0.781499555101, 0.797648429178, 0.815367158736, 
        0.826844683248, 0.879733257499, 0.887110555192, 
        0.995202917829, 0.995693225692, 0.997350105644, 
        0.997950502794, 0.998038680987, 0.998598017025]
    N = 18 (0.971)
        WCC positions: 
        [0.0112670517161, 0.0126813854761, 0.021901161774, 
        0.0230269592888, 0.486162304093, 0.502350363433, 
        0.781447200504, 0.797631872627, 0.815597704551, 
        0.827112270747, 0.879412254367, 0.88678438922, 
        0.995214981073, 0.995707748626, 0.997352381495, 
        0.997950256485, 0.998037346983, 0.998596442443]
finished!

calculating string at kx = 0.1500
    N = 14 (0.955)
        WCC positions: 
        [0.0112337141803, 0.012607943357, 0.0219238661157, 
        0.0230660913557, 0.486420629163, 0.502371918214, 
        0.781871783959, 0.798157083854, 0.81550329328, 
        0.826939770618, 0.879736684772, 0.887083806625, 
        0.99523436984, 0.995734399856, 0.997330647478, 
        0.997934910554, 0.998045873402, 0.99860707984]
    N = 18 (0.973)
        WCC positions: 
        [0.0112215256992, 0.012598786624, 0.0219600928475, 
        0.0230990032305, 0.48630031843, 0.502265153292, 
        0.78182404931, 0.798141796418, 0.815732867467, 
        0.827204298098, 0.879417161685, 0.886758780684, 
        0.995246264636, 0.995748846627, 0.997332828411, 
        0.997934699398, 0.998044301367, 0.99860545708]
finished!

calculating string at kx = 0.1583
    N = 14 (0.957)
        WCC positions: 
        [0.0111991023884, 0.0125371094452, 0.0219735137291, 
        0.0231273433, 0.486562233728, 0.502280053752, 
        0.782233850901, 0.798627822452, 0.815638251601, 
        0.827017471229, 0.879737624456, 0.887048189874, 
        0.995265621485, 0.995774008614, 0.997312015958, 
        0.997920180082, 0.998052654912, 0.998615569892]
    N = 18 (0.974)
        WCC positions: 
        [0.0111877092276, 0.012528230198, 0.0220091760663, 
        0.0231595584828, 0.486444663458, 0.502173586857, 
        0.782190469151, 0.798614108223, 0.815866843686, 
        0.827279382026, 0.879419165703, 0.886724128334, 
        0.995277324976, 0.995788359785, 0.997314150583, 
        0.997919971843, 0.998050953607, 0.998613899325]
finished!

calculating string at kx = 0.1667
    N = 14 (0.960)
        WCC positions: 
        [0.0111746834407, 0.0124773147519, 0.0220147465328, 
        0.0231787127076, 0.486703834098, 0.502184579165, 
        0.782579975263, 0.799059061797, 0.815769695781, 
        0.827080663653, 0.87973564697, 0.88700633547, 
        0.995296212936, 0.995811734594, 0.997294288905, 
        0.997906320051, 0.998059047021, 0.998623423998]
    N = 18 (0.975)
        WCC positions: 
        [0.0111639310948, 0.0124687010835, 0.0220498606998, 
        0.0232101706036, 0.486588725452, 0.502078401957, 
        0.7825400879, 0.799046635111, 0.815997296114, 
        0.827340145505, 0.879417913625, 0.886683016398, 
        0.995307736805, 0.995826017117, 0.997296358251, 
        0.997906091602, 0.998057170937, 0.998621712753]
finished!

calculating string at kx = 0.1750
    N = 14 (0.961)
        WCC positions: 
        [0.0111588889785, 0.0124277059778, 0.022048956198, 
        0.023221537759, 0.486840112987, 0.502087860884, 
        0.782904744476, 0.79944910495, 0.815895585388, 
        0.827131695668, 0.879730691996, 0.886960364966, 
        0.995325731349, 0.995847333626, 0.997277501091, 
        0.997893342425, 0.998064890182, 0.99863058191]
    N = 18 (0.976)
        WCC positions: 
        [0.0111487359503, 0.012419338293, 0.0220835630667, 
        0.0232524259238, 0.486727134452, 0.50198197519, 
        0.782868353861, 0.799438274004, 0.816122379284, 
        0.827389167637, 0.879413464689, 0.886637652368, 
        0.995337142024, 0.995861552437, 0.997279491743, 
        0.997893100062, 0.998062921607, 0.998628847342]
finished!

calculating string at kx = 0.1833
    N = 14 (0.961)
        WCC positions: 
        [0.011150391924, 0.0123874916313, 0.0220773972713, 
        0.0232573267454, 0.48696654674, 0.501992100354, 
        0.783204658112, 0.79979752574, 0.81601380805, 
        0.827172686928, 0.879722872487, 0.886912077501, 
        0.995353802111, 0.995880507849, 0.997261708216, 
        0.997881301851, 0.998070176982, 0.998636989706]
    N = 18 (0.977)
        WCC positions: 
        [0.0111407136672, 0.0123793772393, 0.0221114998605, 
        0.0232875691594, 0.486855368812, 0.501886356658, 
        0.783171030174, 0.79978800452, 0.816239858575, 
        0.827428330284, 0.879405963952, 0.886589804633, 
        0.995365119713, 0.995894695632, 0.997263606345, 
        0.997881056021, 0.998068094602, 0.998635241802]
finished!

calculating string at kx = 0.1917
    N = 14 (0.962)
        WCC positions: 
        [0.011147822021, 0.0123560340038, 0.0221011578234, 
        0.0232870532197, 0.487079095401, 0.50189869377, 
        0.783476251249, 0.800103722719, 0.816122301762, 
        0.827205195056, 0.879712277892, 0.886862752881, 
        0.995380108261, 0.995911025344, 0.997246954227, 
        0.99787024302, 0.998074811156, 0.998642634573]
    N = 18 (0.977)
        WCC positions: 
        [0.0111386565735, 0.0123481506853, 0.0221348525492, 
        0.0233167926159, 0.486969591392, 0.501793288828, 
        0.783444962159, 0.800095354256, 0.816347835931, 
        0.827459430726, 0.879395562527, 0.886540871057, 
        0.995391351823, 0.995925164674, 0.997248795789, 
        0.997869982122, 0.998072646914, 0.998640870094]
finished!

calculating string at kx = 0.2000
    N = 14 (0.963)
        WCC positions: 
        [0.0111501245914, 0.0123327363824, 0.0221212166055, 
        0.0233117127408, 0.487174316624, 0.501808998308, 
        0.783716733967, 0.800367485078, 0.816219012542, 
        0.827230483891, 0.879698961432, 0.886813359363, 
        0.99540432648, 0.995938615708, 0.997233356149, 
        0.997860206117, 0.998078742271, 0.998647438839]
    N = 18 (0.977)
        WCC positions: 
        [0.0111414355293, 0.0123250968218, 0.0221545622505, 
        0.0233410169289, 0.487066491065, 0.50170412623, 
        0.783687676547, 0.800360326317, 0.816444331709, 
        0.827483761871, 0.879382519066, 0.886491985848, 
        0.995415540817, 0.995952738514, 0.997235158557, 
        0.99785992156, 0.998076520203, 0.99864566832]
finished!

calculating string at kx = 0.2083
    N = 14 (0.964)
        WCC positions: 
        [0.0111563240066, 0.0123171464118, 0.0221384683557, 
        0.0233320310544, 0.487249960078, 0.501724662814, 
        0.783923969431, 0.80058879499, 0.816302452153, 
        0.827249944299, 0.879683417173, 0.886765150499, 
        0.995426217953, 0.995963141644, 0.997221031742, 
        0.997851239896, 0.998081887921, 0.998651395468]
    N = 18 (0.977)
        WCC positions: 
        [0.0111479904832, 0.0123096743842, 0.022171488381, 
        0.0233609899487, 0.487143348499, 0.501620107646, 
        0.783896841981, 0.800582757172, 0.816527569344, 
        0.827502488078, 0.879367036947, 0.886444023896, 
        0.995437387993, 0.995977248496, 0.997222787088, 
        0.997850926629, 0.998079593988, 0.998649610103]
finished!

calculating string at kx = 0.2167
    N = 14 (0.965)
        WCC positions: 
        [0.0111655672362, 0.0123087722505, 0.0221535821109, 
        0.0233488207391, 0.487303708698, 0.501646539175, 
        0.784096795826, 0.800768322631, 0.816370766514, 
        0.827264466743, 0.879665827175, 0.886718680286, 
        0.995445544434, 0.995984332071, 0.997210079898, 
        0.99784338752, 0.99808423875, 0.998654448344]
    N = 18 (0.978)
        WCC positions: 
        [0.0111575095264, 0.0123014732777, 0.0221863244017, 
        0.0233774847865, 0.487198076319, 0.501542175235, 
        0.784071030199, 0.800763031996, 0.816595814246, 
        0.827516387091, 0.879349434884, 0.886397629557, 
        0.995456711012, 0.995998425447, 0.997211755353, 
        0.997843054931, 0.998081891994, 0.99865264426]
finished!

calculating string at kx = 0.2250
    N = 14 (0.965)
        WCC positions: 
        [0.011177015232, 0.0123072759685, 0.0221671059849, 
        0.0233624479222, 0.487333717915, 0.501575269936, 
        0.784233511947, 0.800906050368, 0.816422628989, 
        0.827274749221, 0.879646239684, 0.886674272867, 
        0.995462117867, 0.996002045685, 0.997200560985, 
        0.997836692482, 0.998085723498, 0.998656569956]
    N = 18 (0.978)
        WCC positions: 
        [0.0111691559141, 0.0123001364839, 0.0221996424731, 
        0.0233908333425, 0.487228660024, 0.50147092556, 
        0.784208668092, 0.80090120808, 0.816647633125, 
        0.827526197529, 0.879329780886, 0.886353221896, 
        0.995473317507, 0.996016145048, 0.997202188805, 
        0.997836348476, 0.998083345353, 0.998654763432]
finished!

calculating string at kx = 0.2333
    N = 14 (0.965)
        WCC positions: 
        [0.0111900752583, 0.0123123726445, 0.0221795063007, 
        0.0233733600884, 0.487338755323, 0.501511449612, 
        0.784333343651, 0.801002467887, 0.816456753429, 
        0.827281247193, 0.879624926363, 0.886632308323, 
        0.995475837472, 0.996016150085, 0.997192588799, 
        0.997831191967, 0.998086335085, 0.998657752699]
    N = 18 (0.978)
        WCC positions: 
        [0.0111823933125, 0.0123053758365, 0.0222118540235, 
        0.0234015364767, 0.487234032225, 0.501407076432, 
        0.784309131003, 0.80099790904, 0.816681823568, 
        0.827532430034, 0.879308324755, 0.886311132382, 
        0.995487037306, 0.996030272115, 0.997194178233, 
        0.997830837609, 0.998083898511, 0.998655932962]
finished!

calculating string at kx = 0.2417
    N = 14 (0.964)
        WCC positions: 
        [0.0112043267055, 0.0123238620592, 0.0221910407686, 
        0.0233818209235, 0.487317827475, 0.50145541385, 
        0.784395557596, 0.801057843533, 0.816472401982, 
        0.827284460466, 0.879601926382, 0.886592928185, 
        0.99548656135, 0.996026555406, 0.997186225344, 
        0.997826908667, 0.998086002327, 0.998657966468]
    N = 18 (0.978)
        WCC positions: 
        [0.0111967644124, 0.0123169475218, 0.0222232864955, 
        0.0234098942396, 0.487213173844, 0.501350970816, 
        0.784371785314, 0.801053439285, 0.816697626968, 
        0.827535566331, 0.879285092363, 0.8862715001, 
        0.995497765668, 0.996040714639, 0.997187803271, 
        0.997826537496, 0.998083546744, 0.998656144127]
finished!

calculating string at kx = 0.2500
    N = 14 (0.964)
        WCC positions: 
        [0.0112195619596, 0.012341491688, 0.0222019518586, 
        0.0233880734421, 0.487270573698, 0.501407442052, 
        0.784420101098, 0.80107268606, 0.816468958016, 
        0.827284566686, 0.879577317978, 0.886556246726, 
        0.99549424148, 0.996033199032, 0.997181562045, 
        0.997823839875, 0.998084821622, 0.998657214158]
    N = 18 (0.978)
        WCC positions: 
        [0.011212016664, 0.0123346893958, 0.0222341372546, 
        0.0234160742791, 0.487165922614, 0.501302972819, 
        0.784396311819, 0.801068097104, 0.816694571682, 
        0.827535912581, 0.879260397494, 0.88623460626, 
        0.995505480777, 0.996047387214, 0.997183111006, 
        0.997823479958, 0.998082327136, 0.998655368362]
finished!

calculating string at kx = 0.2583
    N = 14 (0.964)
        WCC positions: 
        [0.0112355881318, 0.0123651690092, 0.0222121722222, 
        0.0233920760607, 0.487196502837, 0.501367075986, 
        0.784406888072, 0.801047331557, 0.816446002963, 
        0.827281485729, 0.879550934934, 0.886521895529, 
        0.995498832874, 0.996036092501, 0.99717861003, 
        0.99782201451, 0.998082710269, 0.998655472002]
    N = 18 (0.978)
        WCC positions: 
        [0.0112280267248, 0.0123583959606, 0.0222444047756, 
        0.0234200612244, 0.487091851813, 0.501262740997, 
        0.784382682972, 0.801042223256, 0.816672246789, 
        0.827533368803, 0.879233999989, 0.886200098736, 
        0.995510130112, 0.996050299171, 0.997180142676, 
        0.997821658674, 0.998080200102, 0.998653613593]
finished!

calculating string at kx = 0.2667
    N = 14 (0.965)
        WCC positions: 
        [0.0112525403697, 0.0123947906286, 0.0222216797592, 
        0.0233937306366, 0.487096492807, 0.501334884531, 
        0.784355993017, 0.800981893744, 0.816404057566, 
        0.827275487819, 0.879522913525, 0.886490189182, 
        0.995500407743, 0.996035201064, 0.997177415474, 
        0.997821395116, 0.998079683326, 0.998652753658]
    N = 18 (0.978)
        WCC positions: 
        [0.0112448858295, 0.0123880596034, 0.0222539929934, 
        0.0234218365045, 0.486991415202, 0.501230335791, 
        0.784331221904, 0.800976185244, 0.816630942026, 
        0.827528038181, 0.879205880317, 0.886167932965, 
        0.995511772466, 0.996049433697, 0.99717891682, 
        0.997821055847, 0.998077152727, 0.998650891387]
finished!

calculating string at kx = 0.2750
    N = 14 (0.966)
        WCC positions: 
        [0.0112705907201, 0.012430271688, 0.0222301507405, 
        0.0233929041126, 0.486970692003, 0.501309751138, 
        0.78426796568, 0.800876577585, 0.816343145348, 
        0.827265996542, 0.879492883204, 0.886460382426, 
        0.995498986412, 0.996030600259, 0.997177939881, 
        0.997821952003, 0.998075830978, 0.998649068598]
    N = 18 (0.978)
        WCC positions: 
        [0.011262830139, 0.0124235264352, 0.0222626126354, 
        0.0234211198198, 0.486865104018, 0.501205214555, 
        0.784242187583, 0.800869961662, 0.816570867396, 
        0.827519507727, 0.879175792869, 0.886137767035, 
        0.995510419237, 0.996044886979, 0.997179452185, 
        0.997821639485, 0.998073267574, 0.998647177657]
finished!

calculating string at kx = 0.2833
    N = 14 (0.965)
        WCC positions: 
        [0.0112901802187, 0.0124716543611, 0.0222372969731, 
        0.0233892220305, 0.486820406731, 0.501291505191, 
        0.784143625362, 0.800731654453, 0.816264265111, 
        0.827252860568, 0.879460666834, 0.886432242032, 
        0.995494693944, 0.996022409321, 0.997180170099, 
        0.997823647062, 0.998071173989, 0.99864442027]
    N = 18 (0.978)
        WCC positions: 
        [0.0112821853426, 0.0124649366716, 0.0222699585149, 
        0.0234176039631, 0.486714143168, 0.501186925441, 
        0.78411654993, 0.800723965082, 0.816493025883, 
        0.827507617881, 0.879143556313, 0.886109213361, 
        0.99550621676, 0.996036765642, 0.997181686417, 
        0.997823375053, 0.99806855125, 0.998642537323]
finished!

calculating string at kx = 0.2917
    N = 14 (0.963)
        WCC positions: 
        [0.0113118340817, 0.0125190704318, 0.0222425373759, 
        0.0233822387969, 0.48664699601, 0.501279376788, 
        0.783984077523, 0.800547345834, 0.816168386197, 
        0.827235465425, 0.879425992906, 0.886405268267, 
        0.995487628148, 0.996010790185, 0.997184093978, 
        0.997826421903, 0.998065764652, 0.998638826476]
    N = 18 (0.977)
        WCC positions: 
        [0.0113035890452, 0.0125122896497, 0.0222754622295, 
        0.023410899676, 0.486539712026, 0.501174620324, 
        0.783955237364, 0.800538182161, 0.816398223084, 
        0.827491648949, 0.879108701762, 0.886081628424, 
        0.995499250784, 0.996025214134, 0.997185620318, 
        0.997826191614, 0.998063131215, 0.998636918916]
finished!

calculating string at kx = 0.3000
    N = 14 (0.962)
        WCC positions: 
        [0.0113362281039, 0.0125726581807, 0.0222452691372, 
        0.0233714537924, 0.48645219544, 0.501272244249, 
        0.783790864107, 0.800323898562, 0.816056557947, 
        0.827212916423, 0.879388408124, 0.886378532162, 
        0.995477974995, 0.995995881273, 0.997189624828, 
        0.997830180488, 0.998059703832, 0.998632337987]
    N = 18 (0.977)
        WCC positions: 
        [0.011327643436, 0.0125658165046, 0.0222784743135, 
        0.0234003865271, 0.486343654422, 0.501167247068, 
        0.783759838762, 0.800313077647, 0.81628761707, 
        0.827470788174, 0.879070911718, 0.886054214243, 
        0.995489718398, 0.996010355272, 0.99719117638, 
        0.997829996006, 0.998057054765, 0.998630415245]
finished!

calculating string at kx = 0.3083
    N = 14 (0.961)
        WCC positions: 
        [0.0113641508853, 0.0126327337062, 0.0222446308289, 
        0.0233560851301, 0.486238309526, 0.501269079685, 
        0.783565718267, 0.800061633963, 0.815930319399, 
        0.827184310982, 0.879347551123, 0.886351274689, 
        0.99546598127, 0.995977871423, 0.99719668419, 
        0.99783481279, 0.998053145435, 0.998624967322]
    N = 18 (0.977)
        WCC positions: 
        [0.0113551544827, 0.0126257756596, 0.0222781907101, 
        0.0233853656911, 0.486128204027, 0.501163695559, 
        0.783532125391, 0.80004896938, 0.816162744608, 
        0.82744412766, 0.879029786327, 0.886026118235, 
        0.99547783942, 0.995992448022, 0.997198272484, 
        0.997834703609, 0.998050453242, 0.99862302391]
finished!

calculating string at kx = 0.3167
    N = 14 (0.961)
        WCC positions: 
        [0.0113965279702, 0.0126996162099, 0.0222396918753, 
        0.0233351593089, 0.486008155021, 0.501268538391, 
        0.783310806951, 0.799761015407, 0.815791201279, 
        0.827148346901, 0.879303135977, 0.886322441832, 
        0.995451854344, 0.99595702318, 0.997205194435, 
        0.997840178407, 0.998046171109, 0.998616751305]
    N = 18 (0.977)
        WCC positions: 
        [0.0113870941999, 0.0126925761396, 0.0222736618756, 
        0.023365003386, 0.485896326648, 0.501162841124, 
        0.783274723957, 0.799746750235, 0.816025132263, 
        0.827410467776, 0.878984978335, 0.885996306119, 
        0.995463895551, 0.995971690976, 0.997206859789, 
        0.997840160734, 0.998043454373, 0.998614814847]
finished!

calculating string at kx = 0.3250
    N = 14 (0.961)
        WCC positions: 
        [0.0114343654828, 0.0127739035037, 0.0222293690331, 
        0.0233078353029, 0.485764674542, 0.501268895636, 
        0.783029520826, 0.799423241816, 0.815640759791, 
        0.827103479601, 0.87925454605, 0.886290543911, 
        0.995435933746, 0.995933575297, 0.997215107056, 
        0.997846117485, 0.998039071835, 0.998607734669]
    N = 18 (0.975)
        WCC positions: 
        [0.0114244553499, 0.0127666533862, 0.0222637827428, 
        0.0233382490452, 0.485650956124, 0.501162769082, 
        0.782990272349, 0.799407080762, 0.815876324376, 
        0.827368166216, 0.878935920326, 0.885963252761, 
        0.995448117984, 0.995948307086, 0.997216811975, 
        0.997846206796, 0.998036343381, 0.998605786622]
finished!

calculating string at kx = 0.3333
    N = 14 (0.960)
        WCC positions: 
        [0.0114788846002, 0.0128560806328, 0.0222124646887, 
        0.0232728714052, 0.485511985701, 0.501268373466, 
        0.782725389176, 0.79904946946, 0.815480703301, 
        0.827047797106, 0.879201610168, 0.88625401121, 
        0.995418485268, 0.995907753681, 0.997226342634, 
        0.997852398879, 0.998032087677, 0.9985979672]
    N = 18 (0.974)
        WCC positions: 
        [0.0114683917269, 0.0128486538982, 0.0222473424781, 
        0.0233038453432, 0.485395927972, 0.501161870391, 
        0.782682336533, 0.79903114009, 0.815718087935, 
        0.827315468118, 0.878882211167, 0.885925492578, 
        0.995430840006, 0.995922607279, 0.997228110806, 
        0.997852604281, 0.998029306457, 0.99859601256]
finished!

calculating string at kx = 0.3417
    N = 14 (0.958)
        WCC positions: 
        [0.0115312449982, 0.0129469221128, 0.0221875502866, 
        0.0232286815103, 0.485254500012, 0.501264755882, 
        0.782402435717, 0.798641061889, 0.815312726915, 
        0.826979010711, 0.879144016585, 0.886210951688, 
        0.995399852914, 0.995879812682, 0.997238814335, 
        0.997858702803, 0.998025502626, 0.998587506294]
    N = 18 (0.974)
        WCC positions: 
        [0.0115201204831, 0.0129392907229, 0.0222229885206, 
        0.0232603516531, 0.485135708674, 0.501157793676, 
        0.782355203035, 0.798620596787, 0.815551923304, 
        0.827249962764, 0.878823497325, 0.885880887007, 
        0.995412356036, 0.995894784656, 0.997240674598, 
        0.997859035305, 0.998022707331, 0.998585561635]
finished!

calculating string at kx = 0.3500
    N = 14 (0.955)
        WCC positions: 
        [0.0115929534381, 0.0130471742748, 0.0221531845679, 
        0.0231737563217, 0.484997358265, 0.50125554199, 
        0.782066134694, 0.798200165021, 0.815138271297, 
        0.826894181649, 0.879081424826, 0.886159014737, 
        0.995380358678, 0.995850054413, 0.997252517691, 
        0.99786462792, 0.99801982506, 0.99857640743]
    N = 18 (0.973)
        WCC positions: 
        [0.0115811258777, 0.0130393986853, 0.0221892089568, 
        0.023206146337, 0.484875748791, 0.501148192839, 
        0.782014212016, 0.798177645472, 0.81537962705, 
        0.827168975716, 0.878759651986, 0.885827289249, 
        0.995393085567, 0.99586516797, 0.997254462616, 
        0.997865111578, 0.998017019344, 0.998574473029]
finished!

calculating string at kx = 0.3583
    N = 14 (0.953)
        WCC positions: 
        [0.0116654588657, 0.0131579234031, 0.0221076874374, 
        0.0231062104557, 0.484746945571, 0.501237544756, 
        0.781722821226, 0.797729442822, 0.814959219709, 
        0.826790033138, 0.879013887831, 0.886095361979, 
        0.995360411154, 0.995818719405, 0.997267373391, 
        0.997869676655, 0.998015663556, 0.998564703328]
    N = 18 (0.972)
        WCC positions: 
        [0.0116528523084, 0.0131499673037, 0.0221442657598, 
        0.0231393849252, 0.484622135098, 0.501129725267, 
        0.781665891713, 0.797705073409, 0.815202613423, 
        0.827068942477, 0.878690432134, 0.88576160686, 
        0.995373384416, 0.995833966657, 0.997269396909, 
        0.997870304874, 0.998012846069, 0.998562802987]
finished!

calculating string at kx = 0.3667
    N = 14 (0.951)
        WCC positions: 
        [0.0117504642115, 0.0132801777377, 0.0220493511483, 
        0.0230239179142, 0.484510882352, 0.501207286101, 
        0.781380238038, 0.797232039677, 0.814777322384, 
        0.826662570905, 0.878941747996, 0.886016861773, 
        0.995340443693, 0.995786070645, 0.997283341313, 
        0.99787325002, 0.998013646226, 0.998552485004]
    N = 18 (0.970)
        WCC positions: 
        [0.0117370309628, 0.0132720586513, 0.0220864777475, 
        0.0230578802593, 0.484382214269, 0.501098811288, 
        0.781317784572, 0.797206022081, 0.815022727932, 
        0.826945965204, 0.878615956053, 0.885680589621, 
        0.995353682993, 0.995801464304, 0.997285467954, 
        0.997874000273, 0.998010886103, 0.998550596768]
finished!

calculating string at kx = 0.3750
    N = 14 (0.950)
        WCC positions: 
        [0.0118498864973, 0.0134150626468, 0.0219761512914, 
        0.0229243515429, 0.484297025168, 0.501159794626, 
        0.781047354994, 0.796711457994, 0.814594063811, 
        0.826506711279, 0.878865083632, 0.885919333112, 
        0.995320786505, 0.995752407499, 0.997300467706, 
        0.997874767187, 0.998014408747, 0.998539769462]
    N = 18 (0.968)
        WCC positions: 
        [0.0118355703669, 0.0134067865627, 0.0220138429845, 
        0.0229591774597, 0.484164476002, 0.501050868629, 
        0.780979136861, 0.79668425424, 0.814841585756, 
        0.826795070612, 0.878536563705, 0.885580229796, 
        0.995334356216, 0.995767949954, 0.997302704542, 
        0.997875618719, 0.998011767744, 0.998537932233]
finished!

calculating string at kx = 0.3833
    N = 14 (0.949)
        WCC positions: 
        [0.0119657671409, 0.0135638312118, 0.0218860790894, 
        0.0228047944933, 0.48411603099, 0.501090221462, 
        0.780734816472, 0.796171513999, 0.814411941333, 
        0.826317012008, 0.878784990023, 0.885798707, 
        0.995301893497, 0.995717946468, 0.997318734085, 
        0.997873846302, 0.998018457992, 0.99852662712]
    N = 18 (0.966)
        WCC positions: 
        [0.0119504935704, 0.0135554582407, 0.021924286589, 
        0.0228404331447, 0.48397915048, 0.50098054502, 
        0.780660527013, 0.796143732077, 0.814661355272, 
        0.826610584673, 0.878453059939, 0.885456020781, 
        0.995315824408, 0.995733648436, 0.997321048659, 
        0.997874796311, 0.998015961784, 0.998524846611]
finished!

calculating string at kx = 0.3917
    N = 14 (0.946)
        WCC positions: 
        [0.012100366121, 0.0137278231823, 0.0217769640531, 
        0.0226620946351, 0.483979415631, 0.500991692194, 
        0.780455322926, 0.795616561092, 0.814233369284, 
        0.826086711844, 0.878702800811, 0.885649704705, 
        0.995284185067, 0.995682970464, 0.997338173478, 
        0.997870472503, 0.998025799103, 0.998513113354]
    N = 18 (0.964)
        WCC positions: 
        [0.0120840806352, 0.0137194239755, 0.0218156391642, 
        0.0226986064727, 0.483837688394, 0.500881404852, 
        0.780374819767, 0.795588978604, 0.814484438072, 
        0.826385850784, 0.87836648466, 0.885302807842, 
        0.995298461606, 0.995698826282, 0.997340584826, 
        0.997871525647, 0.998023512295, 0.998511405064]
finished!

calculating string at kx = 0.4000
    N = 14 (0.941)
        WCC positions: 
        [0.0122562365533, 0.0139084375175, 0.0216466708247, 
        0.0224930225109, 0.483900421162, 0.500856222772, 
        0.780223653557, 0.795050972939, 0.81406188445, 
        0.825808192094, 0.878620370795, 0.885466601686, 
        0.995268068955, 0.995647710361, 0.99735880373, 
        0.997864938528, 0.998036269577, 0.998499209224]
    N = 18 (0.963)
        WCC positions: 
        [0.0122389105964, 0.0139000835249, 0.0216856809427, 
        0.0225302253225, 0.483753846717, 0.500745468568, 
        0.780136582378, 0.795024094942, 0.814314392022, 
        0.826113138365, 0.878278945795, 0.885114820137, 
        0.995282709387, 0.995663740139, 0.997361355528, 
        0.997866100109, 0.998034208848, 0.99849760439]
finished!

calculating string at kx = 0.4083
    N = 14 (0.936)
        WCC positions: 
        [0.0124360897311, 0.0141069079669, 0.021492758946, 
        0.0222938869364, 0.483894293059, 0.500674403384, 
        0.780055530276, 0.794477369705, 0.81390221914, 
        0.825472740605, 0.878540549523, 0.885243503173, 
        0.995253887365, 0.995612442983, 0.997380644748, 
        0.997857574408, 0.998049467943, 0.998484980504]
    N = 18 (0.961)
        WCC positions: 
        [0.0124177822917, 0.0140987232877, 0.0215320760506, 
        0.0223316772746, 0.483742682264, 0.500563396108, 
        0.779962377657, 0.794452566669, 0.814155693541, 
        0.825783626548, 0.878193003554, 0.884886009636, 
        0.995268905268, 0.995628650769, 0.997383359457, 
        0.997858920275, 0.998047611056, 0.998483489832]
finished!

calculating string at kx = 0.4167
    N = 14 (0.930)
        WCC positions: 
        [0.012642960467, 0.0143245050476, 0.0213129271318, 
        0.0220612895891, 0.483977781637, 0.500434879215, 
        0.77996961985, 0.793898429665, 0.813760895571, 
        0.825070861285, 0.878467206246, 0.884974135216, 
        0.995241998728, 0.995577392503, 0.997403776667, 
        0.99784873685, 0.998065013826, 0.998470397429]
    N = 18 (0.958)
        WCC positions: 
        [0.0126237313581, 0.0143166557914, 0.0213524012677, 
        0.0220993444653, 0.483821021818, 0.500323706461, 
        0.779871080524, 0.793877085647, 0.814014738208, 
        0.825387606595, 0.878112383295, 0.884609927181, 
        0.995257403625, 0.995593790166, 0.997406677218, 
        0.997850350497, 0.998063368061, 0.998469062427]
finished!

calculating string at kx = 0.4250
    N = 14 (0.925)
        WCC positions: 
        [0.0128800193291, 0.0145621692942, 0.0211048667392, 
        0.0217921955195, 0.484168484261, 0.500124607015, 
        0.779985094553, 0.793313868343, 0.813647112142, 
        0.824592752883, 0.878405453701, 0.88465280275, 
        0.995232696483, 0.995542806121, 0.997428224388, 
        0.997838690946, 0.998082546118, 0.998455449016]
    N = 18 (0.954)
        WCC positions: 
        [0.0128599688525, 0.0145548478939, 0.0211443328731, 
        0.0218299156751, 0.484006975686, 0.500013330076, 
        0.779882119152, 0.793297189777, 0.813900545325, 
        0.824914705536, 0.878042145583, 0.884280704782, 
        0.995248487885, 0.995559392689, 0.997431325439, 
        0.997840603851, 0.998081105536, 0.998454282638]
finished!

calculating string at kx = 0.4333
    N = 14 (0.920)
        WCC positions: 
        [0.0131504715124, 0.0148203492308, 0.0208663004833, 
        0.021484601041, 0.48448483852, 0.499729198886, 
        0.780121762619, 0.792720737377, 0.813573443352, 
        0.824028936679, 0.878362133754, 0.88427510595, 
        0.995226207957, 0.995508903367, 0.997453980417, 
        0.997827540717, 0.998101833586, 0.998440042396]
    N = 18 (0.950)
        WCC positions: 
        [0.0131298721033, 0.0148138777109, 0.0209054816526, 
        0.0215212054955, 0.484319213706, 0.499617842645, 
        0.780016309265, 0.792710315375, 0.813825499418, 
        0.824354925377, 0.877989072727, 0.883893861004, 
        0.995242436882, 0.995525686305, 0.997457254011, 
        0.997829802127, 0.998100581939, 0.998439053255]
finished!

calculating string at kx = 0.4417
    N = 14 (0.915)
        WCC positions: 
        [0.0134572456539, 0.015098619056, 0.020594717058, 
        0.021138566143, 0.484943514245, 0.499232636577, 
        0.780397288085, 0.792111174698, 0.813556187802, 
        0.823371149313, 0.878345663124, 0.883838540712, 
        0.995222790154, 0.995475899951, 0.997480972649, 
        0.99781521499, 0.998122582504, 0.99842413245]
    N = 18 (0.946)
        WCC positions: 
        [0.0134365777644, 0.0150934741947, 0.0206332296087, 
        0.0211730459133, 0.484775342951, 0.499121336202, 
        0.780292471177, 0.79210864353, 0.81380599697, 
        0.823699367582, 0.877961709198, 0.883447001202, 
        0.995239442864, 0.995492891307, 0.997484464918, 
        0.997817861158, 0.998121539639, 0.998423355055]
finished!

calculating string at kx = 0.4500
    N = 14 (0.911)
        WCC positions: 
        [0.0138027363428, 0.0153950785878, 0.0202872649463, 
        0.0207581636653, 0.485558281766, 0.498619486534, 
        0.780826600142, 0.791473680955, 0.813615537287, 
        0.822614523708, 0.878366207918, 0.883344383965, 
        0.995222519048, 0.995444016406, 0.997509044709, 
        0.99780165931, 0.99814462378, 0.998407546176]
    N = 18 (0.942)
        WCC positions: 
        [0.0137827390047, 0.015391762461, 0.0203245733413, 
        0.0207893159323, 0.485389172064, 0.49850775201, 
        0.780726183768, 0.791479904775, 0.813862392583, 
        0.822942209627, 0.877970330477, 0.882941392372, 
        0.995239583989, 0.995461262383, 0.997512815615, 
        0.997804761636, 0.998143756785, 0.998406979955]
finished!

calculating string at kx = 0.4583
    N = 14 (0.908)
        WCC positions: 
        [0.0141880922805, 0.0157050221624, 0.0199404996277, 
        0.0203537731632, 0.486337311677, 0.497876060627, 
        0.781417549493, 0.790792194386, 0.813775163183, 
        0.821759791141, 0.878435613184, 0.882798488311, 
        0.995225457032, 0.995413447201, 0.997538061911, 
        0.997786704559, 0.998167649809, 0.998390187586]
    N = 18 (0.939)
        WCC positions: 
        [0.0141696755461, 0.0157042603144, 0.0199756902423, 
        0.0203804506381, 0.486169880107, 0.497763346349, 
        0.781325883219, 0.790806653714, 0.81401929654, 
        0.822083490891, 0.878027415451, 0.882383473387, 
        0.995242973053, 0.995430971905, 0.997542068922, 
        0.997790192437, 0.99816699157, 0.998389811166]
finished!

calculating string at kx = 0.4667
    N = 14 (0.907)
        WCC positions: 
        [0.0146119392626, 0.016018354171, 0.0195541552885, 
        0.0199420567385, 0.487280082961, 0.496993465539, 
        0.782167545507, 0.790047703496, 0.81405996363, 
        0.820815926133, 0.878566483134, 0.882212697019, 
        0.995231616889, 0.995384385923, 0.997567645698, 
        0.997770016469, 0.998191388335, 0.998371902636]
    N = 18 (0.938)
        WCC positions: 
        [0.0145962698995, 0.0160207270312, 0.019585338082, 
        0.0199640157711, 0.487116110031, 0.49687820852, 
        0.78208922159, 0.790068447553, 0.814302208224, 
        0.821131675269, 0.878145822303, 0.881785489979, 
        0.995249559979, 0.995402214386, 0.997571905312, 
        0.997773870713, 0.998190948248, 0.998371686023]
finished!

calculating string at kx = 0.4750
    N = 14 (0.908)
        WCC positions: 
        [0.0150683545529, 0.0163128730367, 0.0191458105783, 
        0.0195400768222, 0.488373626189, 0.495970367359, 
        0.783060874728, 0.789223034492, 0.814491067324, 
        0.819802409208, 0.8787704837, 0.881604526149, 
        0.99524103098, 0.995357000973, 0.997597387537, 
        0.997751365807, 0.998215599218, 0.998352520747]
    N = 18 (0.937)
        WCC positions: 
        [0.0150568051721, 0.0163188836618, 0.0191704623745, 
        0.0195582010539, 0.488215051416, 0.495851366229, 
        0.783000199317, 0.789246615425, 0.814733663347, 
        0.820106967666, 0.878338233616, 0.881166384679, 
        0.995259282836, 0.99537516725, 0.997601903604, 
        0.997755554314, 0.998215320719, 0.998352468726]
finished!

calculating string at kx = 0.4833
    N = 14 (0.911)
        WCC positions: 
        [0.0155434420402, 0.016537815309, 0.0187747195703, 
        0.0191610398341, 0.489592346149, 0.494818060128, 
        0.784067352233, 0.788308549887, 0.815081571803, 
        0.818751783099, 0.879057219214, 0.88099738546, 
        0.995253554386, 0.995331556211, 0.997626804514, 
        0.997730532075, 0.998239933766, 0.998332015915]
    N = 18 (0.938)
        WCC positions: 
        [0.0155373720172, 0.0165474284889, 0.0187914198458, 
        0.0191759349607, 0.489440885567, 0.494694334082, 
        0.784026756676, 0.788329538581, 0.815327869231, 
        0.819042963311, 0.878615487701, 0.880551047834, 
        0.995272086781, 0.995350008168, 0.997631468125, 
        0.997735023074, 0.998239819866, 0.998332048715]
finished!

calculating string at kx = 0.4917
    N = 14 (0.915)
        WCC positions: 
        [0.0160068913229, 0.0165927266573, 0.0185570344674, 
        0.0188267022157, 0.490896732596, 0.493560760538, 
        0.785143715687, 0.787307204069, 0.815830129163, 
        0.817706970505, 0.879430858009, 0.880416919393, 
        0.995269049887, 0.995308264651, 0.997655268396, 
        0.9977074972, 0.998264057401, 0.998310361648]
    N = 18 (0.940)
        WCC positions: 
        [0.0160074215184, 0.0166036860254, 0.0185675630522, 
        0.0188385789996, 0.49075306726, 0.493431494974, 
        0.785123690904, 0.787319814595, 0.816083777072, 
        0.81798431322, 0.878982431394, 0.879966014765, 
        0.995287739508, 0.995326930061, 0.997660056587, 
        0.997712168291, 0.998264060734, 0.998310423993]
finished!

calculating string at kx = 0.5000
    N = 14 (0.920)
        WCC positions: 
        [0.0163941027466, 0.0163941029474, 0.0185916573929, 
        0.0185916574489, 0.492237258338, 0.492237259713, 
        0.786240015644, 0.786240016138, 0.816717362075, 
        0.81671736234, 0.879888092033, 0.879888092591, 
        0.995287361861, 0.995287362065, 0.997682325962, 
        0.997682326013, 0.998287613204, 0.998287613258]
    N = 18 (0.943)
        WCC positions: 
        [0.0164013042322, 0.0164013044355, 0.0186012044542, 
        0.0186012045426, 0.492101180292, 0.49210118166, 
        0.786238503107, 0.78623850363, 0.81698160615, 
        0.816981606416, 0.879436493956, 0.879436494499, 
        0.99530609526, 0.995306095443, 0.997687117818, 
        0.997687117849, 0.99828769118, 0.99828769124]
finished!

Checking neighbouring k-points k = 0.0000 and k = 0.0083
Condition fulfilled

Checking neighbouring k-points k = 0.0083 and k = 0.0167
Condition fulfilled

Checking neighbouring k-points k = 0.0167 and k = 0.0250
Condition fulfilled

Checking neighbouring k-points k = 0.0250 and k = 0.0333
Condition fulfilled

Checking neighbouring k-points k = 0.0333 and k = 0.0417
Condition fulfilled

Checking neighbouring k-points k = 0.0417 and k = 0.0500
Condition fulfilled

Checking neighbouring k-points k = 0.0500 and k = 0.0583
Condition fulfilled

Checking neighbouring k-points k = 0.0583 and k = 0.0667
Condition fulfilled

Checking neighbouring k-points k = 0.0667 and k = 0.0750
Condition fulfilled

Checking neighbouring k-points k = 0.0750 and k = 0.0833
Condition fulfilled

Checking neighbouring k-points k = 0.0833 and k = 0.0917
Condition fulfilled

Checking neighbouring k-points k = 0.0917 and k = 0.1000
Condition fulfilled

Checking neighbouring k-points k = 0.1000 and k = 0.1083
Condition fulfilled

Checking neighbouring k-points k = 0.1083 and k = 0.1167
Condition fulfilled

Checking neighbouring k-points k = 0.1167 and k = 0.1250
Condition fulfilled

Checking neighbouring k-points k = 0.1250 and k = 0.1333
Condition fulfilled

Checking neighbouring k-points k = 0.1333 and k = 0.1417
Condition fulfilled

Checking neighbouring k-points k = 0.1417 and k = 0.1500
Condition fulfilled

Checking neighbouring k-points k = 0.1500 and k = 0.1583
Condition fulfilled

Checking neighbouring k-points k = 0.1583 and k = 0.1667
Condition fulfilled

Checking neighbouring k-points k = 0.1667 and k = 0.1750
Condition fulfilled

Checking neighbouring k-points k = 0.1750 and k = 0.1833
Condition fulfilled

Checking neighbouring k-points k = 0.1833 and k = 0.1917
Condition fulfilled

Checking neighbouring k-points k = 0.1917 and k = 0.2000
Condition fulfilled

Checking neighbouring k-points k = 0.2000 and k = 0.2083
Condition fulfilled

Checking neighbouring k-points k = 0.2083 and k = 0.2167
Condition fulfilled

Checking neighbouring k-points k = 0.2167 and k = 0.2250
Condition fulfilled

Checking neighbouring k-points k = 0.2250 and k = 0.2333
Condition fulfilled

Checking neighbouring k-points k = 0.2333 and k = 0.2417
Condition fulfilled

Checking neighbouring k-points k = 0.2417 and k = 0.2500
Condition fulfilled

Checking neighbouring k-points k = 0.2500 and k = 0.2583
Condition fulfilled

Checking neighbouring k-points k = 0.2583 and k = 0.2667
Condition fulfilled

Checking neighbouring k-points k = 0.2667 and k = 0.2750
Condition fulfilled

Checking neighbouring k-points k = 0.2750 and k = 0.2833
Condition fulfilled

Checking neighbouring k-points k = 0.2833 and k = 0.2917
Condition fulfilled

Checking neighbouring k-points k = 0.2917 and k = 0.3000
Condition fulfilled

Checking neighbouring k-points k = 0.3000 and k = 0.3083
Condition fulfilled

Checking neighbouring k-points k = 0.3083 and k = 0.3167
Condition fulfilled

Checking neighbouring k-points k = 0.3167 and k = 0.3250
Condition fulfilled

Checking neighbouring k-points k = 0.3250 and k = 0.3333
Condition fulfilled

Checking neighbouring k-points k = 0.3333 and k = 0.3417
Condition fulfilled

Checking neighbouring k-points k = 0.3417 and k = 0.3500
Condition fulfilled

Checking neighbouring k-points k = 0.3500 and k = 0.3583
Condition fulfilled

Checking neighbouring k-points k = 0.3583 and k = 0.3667
Condition fulfilled

Checking neighbouring k-points k = 0.3667 and k = 0.3750
Condition fulfilled

Checking neighbouring k-points k = 0.3750 and k = 0.3833
Condition fulfilled

Checking neighbouring k-points k = 0.3833 and k = 0.3917
Condition fulfilled

Checking neighbouring k-points k = 0.3917 and k = 0.4000
Condition fulfilled

Checking neighbouring k-points k = 0.4000 and k = 0.4083
Condition fulfilled

Checking neighbouring k-points k = 0.4083 and k = 0.4167
Condition fulfilled

Checking neighbouring k-points k = 0.4167 and k = 0.4250
Condition fulfilled

Checking neighbouring k-points k = 0.4250 and k = 0.4333
Condition fulfilled

Checking neighbouring k-points k = 0.4333 and k = 0.4417
Condition fulfilled

Checking neighbouring k-points k = 0.4417 and k = 0.4500
Condition fulfilled

Checking neighbouring k-points k = 0.4500 and k = 0.4583
Condition fulfilled

Checking neighbouring k-points k = 0.4583 and k = 0.4667
Condition fulfilled

Checking neighbouring k-points k = 0.4667 and k = 0.4750
Condition fulfilled

Checking neighbouring k-points k = 0.4750 and k = 0.4833
Condition fulfilled

Checking neighbouring k-points k = 0.4833 and k = 0.4917
Condition fulfilled

Checking neighbouring k-points k = 0.4917 and k = 0.5000
Condition fulfilled

+----------------------------------------------------------------------+
|                       finished wcc calculation                       |
|                       time: 0 h 26 min 54 sec                        |
+----------------------------------------------------------------------+
HgTe.py
