+----------------------------------------------------------------------+
| starting wcc calculation                                             |
|                                                                      |
| gap_tol             0.02                                             |
| iterator            [14, 18, 22, 26, 30, 34, 38, 42, 46, 50, 54, 58] |
| min_neighbour_dist  0.001                                            |
| no_iter             False                                            |
| no_neighbour_check  False                                            |
| num_strings         61                                               |
| use_pickle          True                                             |
| verbose             True                                             |
| wcc_tol             0.01                                             |
+----------------------------------------------------------------------+
calculating string at kx = 0.0000
    N = 14 (0.918)
        WCC positions: 
        [0.0154741386327, 0.0154741388245, 0.0186917390434, 
        0.0186917391639, 0.495320740536, 0.495320742084, 
        0.784804427108, 0.784804427812, 0.818000770247, 
        0.818000770561, 0.882099454471, 0.882099455031, 
        0.995034793395, 0.995034793578, 0.997818264481, 
        0.997818264571, 0.998342238105, 0.998342238229]
    N = 18 (0.942)
        WCC positions: 
        [0.0154795618769, 0.0154795620811, 0.0187049576477, 
        0.018704957792, 0.495196960485, 0.495196962021, 
        0.784801426037, 0.784801426718, 0.818256091609, 
        0.818256091926, 0.881669200561, 0.881669201135, 
        0.995052352036, 0.99505235219, 0.997823312109, 
        0.997823312177, 0.998343449476, 0.998343449599]
finished!

calculating string at kx = 0.0083
    N = 14 (0.913)
        WCC positions: 
        [0.0151773041111, 0.0156218672869, 0.0186765215747, 
        0.0188673403519, 0.493991997754, 0.496603899607, 
        0.783766051712, 0.785844297118, 0.817178626542, 
        0.818895250378, 0.881575865972, 0.882673073591, 
        0.995014661865, 0.995058455893, 0.997789170233, 
        0.997845031695, 0.998316469201, 0.998366689725]
    N = 18 (0.939)
        WCC positions: 
        [0.0151774763136, 0.0156299395228, 0.0186919506183, 
        0.0188813296636, 0.493860807602, 0.496486352063, 
        0.783745514739, 0.785854853981, 0.817424005153, 
        0.819161919135, 0.881147060348, 0.882244824959, 
        0.995032217868, 0.995075881997, 0.997794161182, 
        0.997849982144, 0.998317597498, 0.998367927878]
finished!

calculating string at kx = 0.0167
    N = 14 (0.909)
        WCC positions: 
        [0.0147913175976, 0.0155991191114, 0.0188265970011, 
        0.0191581313864, 0.492670975768, 0.497794332313, 
        0.782769886079, 0.786852546112, 0.816460386359, 
        0.819822950204, 0.881118838388, 0.883273119512, 
        0.994998285232, 0.995085366624, 0.997758225854, 
        0.997869076309, 0.998289753789, 0.998389563667]
    N = 18 (0.937)
        WCC positions: 
        [0.0147855887028, 0.0156064437165, 0.0188470141844, 
        0.0191748321831, 0.492531742281, 0.497681599976, 
        0.782730354186, 0.786871935999, 0.816698157301, 
        0.82010136122, 0.880694867066, 0.882850453535, 
        0.995015724371, 0.995102580957, 0.997763065148, 
        0.99787383672, 0.998290735433, 0.998390746439]
finished!

calculating string at kx = 0.0250
    N = 14 (0.907)
        WCC positions: 
        [0.0143712159944, 0.0154434158122, 0.0190904170946, 
        0.0195186202154, 0.4914095719, 0.498857420475, 
        0.781858330792, 0.787809498226, 0.815865203301, 
        0.820744591754, 0.88073699265, 0.88387350274, 
        0.994985881257, 0.995115271333, 0.997726120324, 
        0.997890314174, 0.998262502553, 0.998410724775]
    N = 18 (0.936)
        WCC positions: 
        [0.0143601364058, 0.0154477890046, 0.0191166749389, 
        0.0195392707118, 0.491262727141, 0.498748587637, 
        0.781800029953, 0.787832117612, 0.816098084215, 
        0.821033851949, 0.880320650515, 0.883459694238, 
        0.995003102873, 0.995132199272, 0.997730718798, 
        0.997894767551, 0.998263325771, 0.998411797229]
finished!

calculating string at kx = 0.0333
    N = 14 (0.906)
        WCC positions: 
        [0.0139528583111, 0.0152115062266, 0.0194039443705, 
        0.0199139416587, 0.490251172163, 0.499773935616, 
        0.781067058926, 0.788708387588, 0.815398242147, 
        0.821626592217, 0.880430819838, 0.884449688139, 
        0.994977619684, 0.995147861994, 0.997693487684, 
        0.997908854934, 0.99823515187, 0.998430187054]
    N = 18 (0.937)
        WCC positions: 
        [0.0139375650282, 0.0152124125306, 0.0194350467023, 
        0.0199393964022, 0.490097586777, 0.499667546849, 
        0.780992742378, 0.788729789273, 0.815628721839, 
        0.821924521839, 0.880023870645, 0.884046586788, 
        0.994994503401, 0.995164519559, 0.997697759972, 
        0.99791289799, 0.998235787821, 0.998431101194]
finished!

calculating string at kx = 0.0417
    N = 14 (0.907)
        WCC positions: 
        [0.0135566918382, 0.0149460236256, 0.0197249424826, 
        0.0203168956959, 0.48922648365, 0.500538278785, 
        0.780420508103, 0.789552304841, 0.815053331631, 
        0.822444554944, 0.880194865127, 0.884981503016, 
        0.994973574987, 0.995182899881, 0.997660939042, 
        0.997924968706, 0.998208046101, 0.998448083656]
    N = 18 (0.939)
        WCC positions: 
        [0.0135384700669, 0.0149437587994, 0.0197595262541, 
        0.0203471049802, 0.489067950714, 0.500433126202, 
        0.78033417882, 0.7895693788, 0.815283305136, 
        0.822748239117, 0.879798315813, 0.884589798547, 
        0.994990070245, 0.99519927469, 0.997664884961, 
        0.997928535231, 0.998208504461, 0.99844878938]
finished!

calculating string at kx = 0.0500
    N = 14 (0.910)
        WCC positions: 
        [0.0131929892301, 0.0146723795908, 0.0200326659215, 
        0.0207070783482, 0.488352417032, 0.50115632362, 
        0.779930062645, 0.790350415022, 0.814816386562, 
        0.823183917402, 0.880019916894, 0.885455285445, 
        0.994973804022, 0.995220134673, 0.997628917297, 
        0.997938982349, 0.998181504288, 0.998464602593]
    N = 18 (0.941)
        WCC positions: 
        [0.0131730761617, 0.0146675133827, 0.02006962674, 
        0.0207412044323, 0.488191409503, 0.501051517928, 
        0.77983614248, 0.79036137622, 0.815047302196, 
        0.823490406521, 0.879634219033, 0.885074728312, 
        0.994989871858, 0.995236232853, 0.997632563031, 
        0.997942042802, 0.998181808311, 0.998465062298]
finished!

calculating string at kx = 0.0583
    N = 14 (0.913)
        WCC positions: 
        [0.0128661947329, 0.0144048091513, 0.0203180416453, 
        0.0210711288314, 0.487633418541, 0.501640310055, 
        0.779596149659, 0.791113862584, 0.814669987629, 
        0.823838455532, 0.879895330161, 0.885863371419, 
        0.994978286458, 0.995259254931, 0.997597841185, 
        0.99795132502, 0.998155719375, 0.998479952989]
    N = 18 (0.945)
        WCC positions: 
        [0.0128454426806, 0.0143980576931, 0.0203565268446, 
        0.0211079951383, 0.487472115082, 0.501535177717, 
        0.779498449697, 0.791117899026, 0.814902386486, 
        0.824145027744, 0.879520102647, 0.885492905577, 
        0.994993921245, 0.995275144699, 0.997601200995, 
        0.997953829356, 0.998155896926, 0.998480138591]
finished!

calculating string at kx = 0.0667
    N = 14 (0.918)
        WCC positions: 
        [0.0125768806175, 0.0141509198282, 0.020577544902, 
        0.0214018330226, 0.487065022353, 0.502007114026, 
        0.779409087351, 0.79185167168, 0.814596835319, 
        0.824408759665, 0.879810971407, 0.886204337073, 
        0.994986939215, 0.995300009472, 0.997567905316, 
        0.997962356942, 0.998130836882, 0.998494346089]
    N = 18 (0.948)
        WCC positions: 
        [0.0125560771655, 0.0141428608534, 0.0206169199409, 
        0.0214402920281, 0.486905336401, 0.501901142758, 
        0.77931115977, 0.791849285439, 0.814830566072, 
        0.824713137029, 0.879445473708, 0.885842542679, 
        0.995002154946, 0.995315688576, 0.997571031135, 
        0.997964283202, 0.998130935802, 0.998494260904]
finished!

calculating string at kx = 0.0750
    N = 14 (0.923)
        WCC positions: 
        [0.0123236896661, 0.0139146057974, 0.0208102310105, 
        0.0216964543132, 0.486634974299, 0.502273512797, 
        0.779353500044, 0.79257037637, 0.814580792307, 
        0.824899110708, 0.879757040878, 0.886480176596, 
        0.994999560562, 0.995342142761, 0.997539193053, 
        0.997972428436, 0.998106944667, 0.998507904003]
    N = 18 (0.952)
        WCC positions: 
        [0.0123033375443, 0.0139056212422, 0.0208499868686, 
        0.0217355866142, 0.48647833733, 0.502166748032, 
        0.779257810357, 0.792562396323, 0.814815500584, 
        0.825199925993, 0.879400273276, 0.88612580401, 
        0.995014360163, 0.995357647638, 0.997542151738, 
        0.997973784427, 0.998106986625, 0.998507564442]
finished!

calculating string at kx = 0.0833
    N = 14 (0.928)
        WCC positions: 
        [0.0121043734439, 0.0136976119266, 0.0210165013981, 
        0.0219553389268, 0.486328443348, 0.502456763359, 
        0.779411400944, 0.793273672814, 0.814608479987, 
        0.825316459475, 0.879725587215, 0.886696223411, 
        0.995015946546, 0.995385331936, 0.997511758729, 
        0.99798177816, 0.99808406876, 0.998520834685]
    N = 18 (0.956)
        WCC positions: 
        [0.0120848058803, 0.0136880749627, 0.0210563654918, 
        0.021994462377, 0.486175776402, 0.502349246781, 
        0.779319988748, 0.79326158521, 0.814843720919, 
        0.825613028936, 0.879376521664, 0.886347986394, 
        0.995030340051, 0.995400679567, 0.997514565518, 
        0.997982596934, 0.99808410715, 0.998520257571]
finished!

calculating string at kx = 0.0917
    N = 14 (0.933)
        WCC positions: 
        [0.0119160909157, 0.0135003864223, 0.0211976589759, 
        0.022180390728, 0.48612857792, 0.50257221988, 
        0.779563292206, 0.793962297888, 0.814669155088, 
        0.825668954958, 0.879710153882, 0.886859255675, 
        0.995035776236, 0.995429329867, 0.99748554996, 
        0.997990604908, 0.998062216208, 0.998533238217]
    N = 18 (0.960)
        WCC positions: 
        [0.0118974281221, 0.0134905430247, 0.0212374080913, 
        0.0222191854451, 0.485980554282, 0.502464544599, 
        0.779477200889, 0.79394720695, 0.814904524466, 
        0.825960982536, 0.879367817841, 0.886516398684, 
        0.995049770267, 0.995444529068, 0.997488246165, 
        0.997990927838, 0.998062274916, 0.998532433949]
finished!

calculating string at kx = 0.1000
    N = 14 (0.938)
        WCC positions: 
        [0.0117558879022, 0.0133225693232, 0.0213554630625, 
        0.0223746576328, 0.486018221045, 0.502633428217, 
        0.779790557823, 0.794635289882, 0.814754391693, 
        0.825964939366, 0.879705590073, 0.886976756565, 
        0.99505864255, 0.995473811657, 0.997460516814, 
        0.997999101382, 0.998041375026, 0.998545174621]
    N = 18 (0.963)
        WCC positions: 
        [0.0117381870148, 0.0133125780516, 0.0213948849337, 
        0.0224127978958, 0.485874605626, 0.502525410269, 
        0.779710052249, 0.794617940191, 0.81498937764, 
        0.826252215541, 0.879368706992, 0.886638071078, 
        0.995072241665, 0.995488881899, 0.997463118202, 
        0.997998880066, 0.998041506601, 0.998544171351]
finished!

calculating string at kx = 0.1083
    N = 14 (0.943)
        WCC positions: 
        [0.0116207121867, 0.0131633487631, 0.0214918320587, 
        0.0225411479548, 0.485980756592, 0.502651309575, 
        0.780074707883, 0.79528912243, 0.814857850975, 
        0.826212114832, 0.879707702311, 0.887055677434, 
        0.995084118117, 0.995518504457, 0.997436564093, 
        0.998007242862, 0.99802160219, 0.998556619772]
    N = 18 (0.964)
        WCC positions: 
        [0.0116040292156, 0.0131533252301, 0.0215308516591, 
        0.0225785127945, 0.485841698811, 0.502543189486, 
        0.780000459807, 0.795270947449, 0.815092121458, 
        0.826494826303, 0.879375500171, 0.886720493372, 
        0.995097381381, 0.995533443805, 0.997439090932, 
        0.998006231588, 0.998022157371, 0.998555468475]
finished!

calculating string at kx = 0.1167
    N = 14 (0.947)
        WCC positions: 
        [0.0115080034294, 0.0130217533644, 0.0216088834459, 
        0.0226833348129, 0.486001307772, 0.502635434698, 
        0.780401012356, 0.795921370376, 0.814974390063, 
        0.826417737186, 0.879713460983, 0.887102759378, 
        0.995111775041, 0.995563092972, 0.99741362242, 
        0.998002131607, 0.998015802671, 0.998567656704]
    N = 18 (0.966)
        WCC positions: 
        [0.011492294147, 0.0130117248017, 0.0216474181089, 
        0.022719771539, 0.485866615491, 0.502527679337, 
        0.780332414805, 0.795902614847, 0.815207817566, 
        0.826696164106, 0.879385076004, 0.88677067683, 
        0.995124696089, 0.995577913382, 0.997416044381, 
        0.99800127458, 0.998015870902, 0.998566368675]
finished!

calculating string at kx = 0.1250
    N = 14 (0.950)
        WCC positions: 
        [0.0114151286044, 0.0128965499858, 0.021708644773, 
        0.0228041836925, 0.486066514767, 0.502593721363, 
        0.780754806593, 0.796527556356, 0.815100056376, 
        0.826588008398, 0.879720646558, 0.887124193152, 
        0.995141138025, 0.995607251953, 0.997391568582, 
        0.997984163953, 0.998023567618, 0.99857824573]
    N = 18 (0.967)
        WCC positions: 
        [0.0114004115092, 0.0128866690947, 0.0217466484614, 
        0.0228397445393, 0.485936042244, 0.502486387251, 
        0.780692004534, 0.796509164936, 0.815332683675, 
        0.826862601755, 0.879395415425, 0.886794647301, 
        0.995153750186, 0.995621992524, 0.997393940586, 
        0.997983796536, 0.998022849513, 0.99857684118]
finished!

calculating string at kx = 0.1333
    N = 14 (0.951)
        WCC positions: 
        [0.0113398935165, 0.012786571771, 0.0217931426578, 
        0.0229066283196, 0.486164765815, 0.502532643708, 
        0.781124417734, 0.79710436526, 0.815231942867, 
        0.826728788534, 0.87972771128, 0.887125367275, 
        0.995171680531, 0.995650754851, 0.997370409297, 
        0.997966926554, 0.99803124372, 0.998588363244]
    N = 18 (0.969)
        WCC positions: 
        [0.0113260388983, 0.0127769513133, 0.0218305840563, 
        0.0229413121313, 0.486037932702, 0.502425498183, 
        0.781067151519, 0.79708683783, 0.815463491596, 
        0.826999713073, 0.879404779477, 0.886797630285, 
        0.995183992003, 0.99566537568, 0.997372734957, 
        0.997966654453, 0.99803016067, 0.998586883627]
finished!

calculating string at kx = 0.1417
    N = 14 (0.953)
        WCC positions: 
        [0.0112800286027, 0.0126907544543, 0.0218643106984, 
        0.0229931234079, 0.48628571986, 0.50245722047, 
        0.781499555017, 0.797648429245, 0.815367158758, 
        0.82684468326, 0.879733258067, 0.887110555533, 
        0.99520291783, 0.995693225643, 0.997350105631, 
        0.99795050277, 0.998038680938, 0.998598017049]
    N = 18 (0.971)
        WCC positions: 
        [0.0112670517301, 0.012681385493, 0.0219011617371, 
        0.0230269593229, 0.48616230393, 0.502350363359, 
        0.781447200526, 0.797631872678, 0.815597704591, 
        0.827112270725, 0.879412254562, 0.886784389377, 
        0.995214981, 0.995707748642, 0.997352381472, 
        0.997950256472, 0.998037346991, 0.99859644238]
finished!

calculating string at kx = 0.1500
    N = 14 (0.955)
        WCC positions: 
        [0.0112337141962, 0.0126079433325, 0.0219238661142, 
        0.023066091362, 0.486420629227, 0.502371918277, 
        0.781871783922, 0.798157083875, 0.81550329329, 
        0.826939770623, 0.87973668471, 0.887083806622, 
        0.995234369823, 0.995734399809, 0.997330647489, 
        0.997934910571, 0.998045873399, 0.998607079836]
    N = 18 (0.973)
        WCC positions: 
        [0.0112215257064, 0.0125987866081, 0.0219600928613, 
        0.0230990032512, 0.486300318459, 0.502265153591, 
        0.781824049306, 0.798141796437, 0.815732867531, 
        0.827204298091, 0.879417161636, 0.886758780372, 
        0.995246264609, 0.995748846657, 0.997332828419, 
        0.997934699397, 0.998044301296, 0.998605457094]
finished!

calculating string at kx = 0.1583
    N = 14 (0.957)
        WCC positions: 
        [0.0111991023826, 0.0125371094977, 0.0219735136877, 
        0.0231273432848, 0.48656223371, 0.50228005394, 
        0.782233850864, 0.79862782247, 0.815638251671, 
        0.827017471202, 0.879737624544, 0.887048189697, 
        0.995265621426, 0.995774008619, 0.99731201597, 
        0.997920180094, 0.998052654944, 0.998615569871]
    N = 18 (0.974)
        WCC positions: 
        [0.011187709243, 0.0125282301173, 0.0220091759479, 
        0.023159558405, 0.48644466324, 0.502173586332, 
        0.782190469132, 0.79861410828, 0.815866843729, 
        0.827279382021, 0.879419166014, 0.886724128584, 
        0.995277324966, 0.995788359823, 0.997314150587, 
        0.997919971842, 0.998050953554, 0.998613899472]
finished!

calculating string at kx = 0.1667
    N = 14 (0.960)
        WCC positions: 
        [0.0111746834364, 0.0124773147587, 0.0220147464956, 
        0.0231787127014, 0.486703834271, 0.502184579256, 
        0.782579975195, 0.799059061812, 0.81576969581, 
        0.827080663625, 0.879735646728, 0.887006335391, 
        0.995296212909, 0.995811734589, 0.997294288911, 
        0.997906320042, 0.998059046997, 0.998623424038]
    N = 18 (0.975)
        WCC positions: 
        [0.0111639311134, 0.0124687010644, 0.0220498606958, 
        0.0232101705754, 0.486588725372, 0.50207840233, 
        0.78254008785, 0.799046635098, 0.815997296184, 
        0.827340145513, 0.879417913745, 0.886683016041, 
        0.995307736798, 0.995826017155, 0.997296358256, 
        0.997906091577, 0.998057170921, 0.99862171272]
finished!

calculating string at kx = 0.1750
    N = 14 (0.961)
        WCC positions: 
        [0.0111588889687, 0.012427705987, 0.0220489562061, 
        0.0232215377729, 0.486840113026, 0.502087861173, 
        0.78290474444, 0.799449104967, 0.815895585434, 
        0.827131695654, 0.879730691963, 0.886960364705, 
        0.995325731331, 0.995847333629, 0.997277501102, 
        0.997893342431, 0.998064890136, 0.998630581901]
    N = 18 (0.976)
        WCC positions: 
        [0.0111487359525, 0.0124193382958, 0.0220835630835, 
        0.0232524258988, 0.486727134365, 0.501981975323, 
        0.782868353786, 0.799438274019, 0.816122379316, 
        0.827389167631, 0.87941346477, 0.88663765227, 
        0.995337142025, 0.995861552428, 0.997279491729, 
        0.997893100064, 0.998062921635, 0.998628847332]
finished!

calculating string at kx = 0.1833
    N = 14 (0.961)
        WCC positions: 
        [0.0111503919092, 0.0123874916016, 0.0220773972832, 
        0.0232573267574, 0.486966546602, 0.501992100166, 
        0.783204658046, 0.799797525751, 0.816013808071, 
        0.827172686907, 0.879722872688, 0.886912077696, 
        0.99535380211, 0.99588050787, 0.997261708214, 
        0.997881301866, 0.998070176986, 0.998636989679]
    N = 18 (0.977)
        WCC positions: 
        [0.0111407136785, 0.0123793772527, 0.0221114998482, 
        0.0232875691613, 0.486855368576, 0.501886356753, 
        0.783171030116, 0.799788004538, 0.816239858587, 
        0.827428330294, 0.879405964274, 0.886589804497, 
        0.995365119669, 0.995894695623, 0.997263606343, 
        0.99788105602, 0.998068094616, 0.998635241781]
finished!

calculating string at kx = 0.1917
    N = 14 (0.962)
        WCC positions: 
        [0.0111478220259, 0.0123560340358, 0.0221011578362, 
        0.0232870532267, 0.487079095228, 0.501898693614, 
        0.783476251173, 0.80010372271, 0.816122301816, 
        0.82720519503, 0.879712278192, 0.886862753122, 
        0.995380108257, 0.995911025335, 0.997246954223, 
        0.997870243041, 0.998074811136, 0.998642634579]
    N = 18 (0.977)
        WCC positions: 
        [0.0111386565469, 0.0123481506616, 0.0221348525359, 
        0.0233167925992, 0.486969591274, 0.501793288772, 
        0.783444962136, 0.800095354232, 0.816347835974, 
        0.827459430702, 0.879395562723, 0.886540871265, 
        0.995391351813, 0.995925164657, 0.997248795787, 
        0.997869982126, 0.99807264695, 0.998640870125]
finished!

calculating string at kx = 0.2000
    N = 14 (0.963)
        WCC positions: 
        [0.0111501245978, 0.0123327363746, 0.0221212166029, 
        0.0233117127429, 0.487174316408, 0.501808998203, 
        0.783716733924, 0.800367485143, 0.816219012561, 
        0.827230483857, 0.879698961695, 0.886813359492, 
        0.995404326479, 0.995938615687, 0.997233356152, 
        0.997860206097, 0.998078742273, 0.998647438801]
    N = 18 (0.977)
        WCC positions: 
        [0.0111414355084, 0.012325096824, 0.0221545622391, 
        0.0233410169159, 0.487066490998, 0.50170412609, 
        0.783687676491, 0.800360326334, 0.816444331727, 
        0.827483761856, 0.879382519201, 0.886491986016, 
        0.995415540818, 0.995952738503, 0.997235158562, 
        0.997859921554, 0.998076520192, 0.998645668293]
finished!

calculating string at kx = 0.2083
    N = 14 (0.964)
        WCC positions: 
        [0.0111563240087, 0.0123171464157, 0.0221384683409, 
        0.0233320310262, 0.487249960048, 0.501724662882, 
        0.783923969379, 0.800588795014, 0.816302452173, 
        0.827249944301, 0.879683417195, 0.886765150418, 
        0.995426217947, 0.995963141677, 0.997221031759, 
        0.997851239921, 0.998081887899, 0.998651395491]
    N = 18 (0.977)
        WCC positions: 
        [0.0111479904649, 0.0123096743773, 0.022171488389, 
        0.0233609899585, 0.487143348571, 0.501620107775, 
        0.783896841958, 0.800582757193, 0.816527569377, 
        0.827502488059, 0.879367036857, 0.886444023773, 
        0.995437387991, 0.995977248496, 0.997222787081, 
        0.997850926634, 0.998079593965, 0.99864961013]
finished!

calculating string at kx = 0.2167
    N = 14 (0.965)
        WCC positions: 
        [0.0111655672451, 0.0123087722451, 0.0221535821321, 
        0.0233488207724, 0.487303708602, 0.501646539115, 
        0.784096795784, 0.800768322662, 0.816370766499, 
        0.827264466718, 0.879665827285, 0.886718680456, 
        0.995445544461, 0.995984332057, 0.997210079869, 
        0.997843387516, 0.998084238699, 0.998654448382]
    N = 18 (0.978)
        WCC positions: 
        [0.0111575095073, 0.0123014732795, 0.022186324366, 
        0.0233774847852, 0.48719807641, 0.501542175301, 
        0.784071030099, 0.800763032001, 0.816595814259, 
        0.827516387058, 0.879349434819, 0.886397629593, 
        0.99545671102, 0.995998425435, 0.997211755349, 
        0.997843054925, 0.99808189199, 0.998652644266]
finished!

calculating string at kx = 0.2250
    N = 14 (0.965)
        WCC positions: 
        [0.0111770152454, 0.0123072759901, 0.0221671059688, 
        0.0233624479277, 0.487333717839, 0.501575269792, 
        0.784233511916, 0.800906050384, 0.816422629011, 
        0.827274749203, 0.879646239767, 0.886674273047, 
        0.995462117873, 0.996002045693, 0.997200560982, 
        0.997836692484, 0.998085723473, 0.998656569987]
    N = 18 (0.978)
        WCC positions: 
        [0.0111691558933, 0.0123001364719, 0.0221996424699, 
        0.0233908333307, 0.4872286601, 0.501470925805, 
        0.784208668091, 0.800901208092, 0.816647633166, 
        0.827526197515, 0.879329780857, 0.886353221681, 
        0.995473317487, 0.996016145017, 0.997202188811, 
        0.997836348486, 0.998083345398, 0.998654763415]
finished!

calculating string at kx = 0.2333
    N = 14 (0.965)
        WCC positions: 
        [0.0111900752629, 0.012312372649, 0.022179506304, 
        0.0233733601188, 0.487338755281, 0.501511449599, 
        0.784333343642, 0.801002467914, 0.816456753443, 
        0.827281247162, 0.879624926355, 0.886632308339, 
        0.995475837473, 0.996016150074, 0.997192588801, 
        0.997831191952, 0.998086335083, 0.998657752668]
    N = 18 (0.978)
        WCC positions: 
        [0.0111823933208, 0.0123053758311, 0.0222118540282, 
        0.0234015364747, 0.487234032399, 0.501407076559, 
        0.784309130968, 0.800997909024, 0.816681823604, 
        0.827532430029, 0.8793083246, 0.886311132256, 
        0.995487037297, 0.996030272131, 0.997194178233, 
        0.997830837612, 0.998083898516, 0.998655932955]
finished!

calculating string at kx = 0.2417
    N = 14 (0.964)
        WCC positions: 
        [0.0112043266984, 0.0123238620912, 0.0221910407732, 
        0.0233818209131, 0.487317827406, 0.501455413817, 
        0.784395557649, 0.801057843586, 0.816472401979, 
        0.827284460427, 0.879601926427, 0.886592928202, 
        0.995486561328, 0.996026555417, 0.997186225336, 
        0.997826908663, 0.998086002326, 0.998657966508]
    N = 18 (0.978)
        WCC positions: 
        [0.0111967644195, 0.0123169475486, 0.0222232865064, 
        0.0234098942445, 0.487213174083, 0.501350971013, 
        0.78437178527, 0.801053439309, 0.816697627004, 
        0.82753556632, 0.879285092095, 0.886271499868, 
        0.995497765673, 0.996040714655, 0.997187803263, 
        0.997826537484, 0.998083546791, 0.998656144143]
finished!

calculating string at kx = 0.2500
    N = 14 (0.964)
        WCC positions: 
        [0.0112195619514, 0.0123414916858, 0.0222019518795, 
        0.0233880734482, 0.487270573329, 0.501407441706, 
        0.784420101083, 0.801072686063, 0.816468958026, 
        0.827284566724, 0.879577318377, 0.886556247089, 
        0.995494241493, 0.996033199061, 0.997181562042, 
        0.997823839858, 0.998084821586, 0.998657214132]
    N = 18 (0.978)
        WCC positions: 
        [0.0112120166478, 0.0123346893868, 0.0222341373029, 
        0.0234160742681, 0.487165922602, 0.501302972925, 
        0.784396311765, 0.801068097097, 0.816694571719, 
        0.827535912557, 0.879260397557, 0.886234606304, 
        0.995505480765, 0.996047387212, 0.997183111049, 
        0.997823479976, 0.998082327112, 0.998655368426]
finished!

calculating string at kx = 0.2583
    N = 14 (0.964)
        WCC positions: 
        [0.0112355881343, 0.0123651690066, 0.0222121722076, 
        0.0233920760741, 0.487196502821, 0.501367076057, 
        0.784406888057, 0.801047331576, 0.816446002989, 
        0.827281485728, 0.879550934892, 0.886521895481, 
        0.995498832872, 0.996036092507, 0.997178610025, 
        0.99782201451, 0.998082710256, 0.998655472001]
    N = 18 (0.978)
        WCC positions: 
        [0.0112280267022, 0.0123583959384, 0.0222444047912, 
        0.0234200612122, 0.487091851736, 0.501262740903, 
        0.784382682965, 0.80104222327, 0.816672246803, 
        0.827533368786, 0.879234000096, 0.886200098884, 
        0.995510130114, 0.996050299182, 0.99718014267, 
        0.997821658666, 0.998080200068, 0.998653613583]
finished!

calculating string at kx = 0.2667
    N = 14 (0.965)
        WCC positions: 
        [0.0112525404057, 0.0123947906302, 0.0222216797861, 
        0.0233937306379, 0.487096492777, 0.501334884596, 
        0.78435599301, 0.800981893763, 0.816404057552, 
        0.82727548782, 0.879522913417, 0.886490189093, 
        0.995500407754, 0.996035201073, 0.997177415466, 
        0.997821395114, 0.9980796833, 0.998652753686]
    N = 18 (0.978)
        WCC positions: 
        [0.0112448858216, 0.0123880595953, 0.0222539929878, 
        0.0234218365125, 0.486991415419, 0.50123033604, 
        0.784331221898, 0.800976185318, 0.816630942032, 
        0.827528038154, 0.879205880118, 0.886167932705, 
        0.99551177245, 0.996049433687, 0.9971789168, 
        0.997821055838, 0.998077152732, 0.998650891398]
finished!

calculating string at kx = 0.2750
    N = 14 (0.966)
        WCC positions: 
        [0.0112705907171, 0.0124302716791, 0.0222301507325, 
        0.0233929041005, 0.486970691769, 0.501309750957, 
        0.784267965645, 0.800876577663, 0.816343145345, 
        0.82726599652, 0.879492883384, 0.886460382627, 
        0.99549898643, 0.996030600276, 0.997177939893, 
        0.997821951964, 0.998075830968, 0.99864906853]
    N = 18 (0.978)
        WCC positions: 
        [0.0112628301174, 0.012423526436, 0.0222626126319, 
        0.0234211198292, 0.486865104127, 0.501205214675, 
        0.784242187543, 0.800869961687, 0.816570867394, 
        0.827519507703, 0.879175792706, 0.886137766904, 
        0.995510419238, 0.996044886992, 0.997179452195, 
        0.997821639481, 0.998073267576, 0.998647177657]
finished!

calculating string at kx = 0.2833
    N = 14 (0.965)
        WCC positions: 
        [0.0112901802256, 0.0124716543608, 0.0222372969726, 
        0.023389222018, 0.486820406819, 0.501291505438, 
        0.784143625325, 0.800731654461, 0.816264265115, 
        0.827252860543, 0.87946066671, 0.886432241817, 
        0.995494693942, 0.996022409306, 0.997180170085, 
        0.997823647061, 0.998071173951, 0.99864442029]
    N = 18 (0.978)
        WCC positions: 
        [0.0112821853388, 0.0124649366601, 0.0222699585104, 
        0.0234176039708, 0.486714143172, 0.501186925391, 
        0.784116549928, 0.800723965112, 0.816493025872, 
        0.827507617877, 0.87914355624, 0.886109213355, 
        0.995506216745, 0.99603676569, 0.997181686388, 
        0.997823375071, 0.998068551252, 0.998642537341]
finished!

calculating string at kx = 0.2917
    N = 14 (0.963)
        WCC positions: 
        [0.0113118340594, 0.0125190704387, 0.0222425373692, 
        0.0233822388139, 0.486646996193, 0.501279377031, 
        0.78398407748, 0.800547345925, 0.816168386211, 
        0.827235465415, 0.879425992682, 0.886405267933, 
        0.995487628155, 0.996010790204, 0.997184094001, 
        0.997826421892, 0.998065764612, 0.998638826509]
    N = 18 (0.977)
        WCC positions: 
        [0.0113035890371, 0.0125122896365, 0.0222754622489, 
        0.0234108996669, 0.486539712065, 0.501174620443, 
        0.78395523737, 0.800538182203, 0.816398223085, 
        0.827491648938, 0.879108701639, 0.886081628277, 
        0.995499250789, 0.996025214145, 0.997185620318, 
        0.997826191625, 0.998063131249, 0.998636918909]
finished!

calculating string at kx = 0.3000
    N = 14 (0.962)
        WCC positions: 
        [0.0113362280892, 0.0125726582104, 0.0222452691184, 
        0.0233714537641, 0.486452195398, 0.501272244356, 
        0.783790864064, 0.800323898681, 0.816056557985, 
        0.827212916415, 0.879388408188, 0.886378532152, 
        0.995477975006, 0.995995881285, 0.997189624834, 
        0.997830180484, 0.998059703791, 0.998632338024]
    N = 18 (0.977)
        WCC positions: 
        [0.0113276434581, 0.0125658164906, 0.022278474339, 
        0.023400386492, 0.486343654259, 0.501167247306, 
        0.783759838709, 0.800313077745, 0.816287617058, 
        0.827470788158, 0.879070911884, 0.88605421402, 
        0.995489718406, 0.996010355253, 0.997191176387, 
        0.997829996002, 0.99805705477, 0.998630415258]
finished!

calculating string at kx = 0.3083
    N = 14 (0.961)
        WCC positions: 
        [0.0113641508711, 0.0126327336903, 0.0222446308394, 
        0.0233560851448, 0.486238309332, 0.501269079733, 
        0.783565718292, 0.800061633988, 0.815930319395, 
        0.827184310957, 0.879347551264, 0.886351274659, 
        0.995465981255, 0.995977871408, 0.997196684168, 
        0.997834812801, 0.998053145456, 0.998624967285]
    N = 18 (0.977)
        WCC positions: 
        [0.0113551544616, 0.012625775682, 0.0222781907274, 
        0.0233853656917, 0.486128203765, 0.5011636954, 
        0.783532125344, 0.800048969361, 0.816162744607, 
        0.827444127625, 0.879029786594, 0.886026118358, 
        0.995477839428, 0.995992448033, 0.997198272464, 
        0.997834703627, 0.998050453256, 0.998623023918]
finished!

calculating string at kx = 0.3167
    N = 14 (0.961)
        WCC positions: 
        [0.0113965279727, 0.0126996162035, 0.0222396918693, 
        0.0233351592972, 0.486008155209, 0.501268538438, 
        0.783310806925, 0.799761015408, 0.8157912013, 
        0.827148346865, 0.879303135738, 0.886322441882, 
        0.995451854349, 0.995957023181, 0.99720519442, 
        0.997840178413, 0.998046171138, 0.99861675133]
    N = 18 (0.977)
        WCC positions: 
        [0.0113870941725, 0.012692576155, 0.0222736618651, 
        0.0233650033255, 0.485896326372, 0.501162840439, 
        0.783274723887, 0.799746750416, 0.816025132279, 
        0.827410467774, 0.878984978522, 0.885996306742, 
        0.995463895584, 0.995971690941, 0.997206859808, 
        0.99784016083, 0.998043454251, 0.998614814942]
finished!

calculating string at kx = 0.3250
    N = 14 (0.961)
        WCC positions: 
        [0.0114343654898, 0.0127739034831, 0.0222293690191, 
        0.0233078353494, 0.485764674327, 0.501268895418, 
        0.78302952085, 0.799423241845, 0.815640759784, 
        0.827103479577, 0.879254546319, 0.886290544251, 
        0.995435933849, 0.995933575296, 0.997215107, 
        0.997846117431, 0.998039071806, 0.99860773458]
    N = 18 (0.975)
        WCC positions: 
        [0.0114244553524, 0.0127666533775, 0.022263782758, 
        0.023338249072, 0.485650956044, 0.501162769101, 
        0.782990272331, 0.799407080773, 0.815876324391, 
        0.827368166167, 0.878935920441, 0.885963252697, 
        0.995448117969, 0.995948307065, 0.997216811952, 
        0.997846206785, 0.998036343395, 0.998605786653]
finished!

calculating string at kx = 0.3333
    N = 14 (0.960)
        WCC positions: 
        [0.0114788846025, 0.0128560806422, 0.0222124646851, 
        0.0232728714326, 0.485511985892, 0.501268373844, 
        0.782725389133, 0.799049469395, 0.815480703296, 
        0.827047797084, 0.879201609985, 0.886254010981, 
        0.995418485257, 0.995907753663, 0.997226342676, 
        0.997852398915, 0.998032087703, 0.998597967262]
    N = 18 (0.974)
        WCC positions: 
        [0.0114683916887, 0.0128486538806, 0.022247342439, 
        0.0233038453289, 0.485395927607, 0.501161869946, 
        0.782682336511, 0.799031140148, 0.815718087938, 
        0.827315468103, 0.878882211511, 0.885925493126, 
        0.995430840032, 0.995922607258, 0.997228110807, 
        0.997852604329, 0.998029306487, 0.998596012481]
finished!

calculating string at kx = 0.3417
    N = 14 (0.958)
        WCC positions: 
        [0.0115312449253, 0.0129469220895, 0.0221875504007, 
        0.0232286816119, 0.485254500232, 0.501264755872, 
        0.782402435647, 0.798641061793, 0.815312726943, 
        0.826979010682, 0.879144016368, 0.886210951829, 
        0.995399852872, 0.9958798127, 0.997238814251, 
        0.997858702839, 0.99802550255, 0.998587506141]
    N = 18 (0.974)
        WCC positions: 
        [0.011520120477, 0.0129392906967, 0.0222229885176, 
        0.0232603516457, 0.485135709138, 0.501157794115, 
        0.782355202997, 0.798620596807, 0.815551923299, 
        0.827249962796, 0.878823496725, 0.885880886507, 
        0.995412356013, 0.995894784678, 0.997240674576, 
        0.99785903531, 0.998022707281, 0.998585561732]
finished!

calculating string at kx = 0.3500
    N = 14 (0.955)
        WCC positions: 
        [0.0115929535841, 0.013047174309, 0.0221531844251, 
        0.0231737563207, 0.484997358644, 0.501255542354, 
        0.782066134601, 0.798200164899, 0.815138271217, 
        0.826894181712, 0.879081424631, 0.886159014436, 
        0.995380358499, 0.995850054418, 0.997252517788, 
        0.99786462789, 0.998019824976, 0.998576407392]
    N = 18 (0.973)
        WCC positions: 
        [0.0115811258821, 0.0130393986718, 0.0221892089845, 
        0.0232061463401, 0.484875748613, 0.501148192713, 
        0.782014211981, 0.798177645509, 0.815379627048, 
        0.827168975701, 0.878759652084, 0.885827289431, 
        0.995393085534, 0.995865167947, 0.997254462618, 
        0.997865111609, 0.998017019328, 0.998574473061]
finished!

calculating string at kx = 0.3583
    N = 14 (0.953)
        WCC positions: 
        [0.0116654588296, 0.0131579234342, 0.0221076874865, 
        0.0231062104761, 0.484746945258, 0.501237544528, 
        0.781722821214, 0.797729442884, 0.81495921965, 
        0.826790033112, 0.879013888091, 0.886095362344, 
        0.995360411154, 0.995818719392, 0.997267373438, 
        0.997869676669, 0.998015663529, 0.998564703261]
    N = 18 (0.972)
        WCC positions: 
        [0.0116528523219, 0.0131499672835, 0.0221442657032, 
        0.0231393848935, 0.484622134682, 0.501129724876, 
        0.781665891718, 0.79770507344, 0.815202613407, 
        0.827068942454, 0.878690432495, 0.885761607401, 
        0.995373384404, 0.995833966636, 0.997269396858, 
        0.997870304833, 0.998012846105, 0.998562802962]
finished!

calculating string at kx = 0.3667
    N = 14 (0.951)
        WCC positions: 
        [0.0117504643341, 0.0132801777092, 0.0220493512165, 
        0.02302391801, 0.484510883037, 0.501207286687, 
        0.781380238235, 0.797232039577, 0.814777322471, 
        0.826662570909, 0.878941746855, 0.88601686121, 
        0.995340443741, 0.995786070715, 0.997283341403, 
        0.997873249957, 0.998013646238, 0.998552485087]
    N = 18 (0.970)
        WCC positions: 
        [0.0117370309587, 0.0132720586255, 0.0220864777466, 
        0.023057880265, 0.484382214209, 0.50109881124, 
        0.781317784542, 0.797206022113, 0.815022727965, 
        0.82694596521, 0.878615956136, 0.885680589675, 
        0.995353683015, 0.995801464349, 0.997285467982, 
        0.997874000275, 0.998010886115, 0.99855059679]
finished!

calculating string at kx = 0.3750
    N = 14 (0.950)
        WCC positions: 
        [0.0118498865123, 0.0134150626887, 0.0219761513163, 
        0.0229243515265, 0.484297025077, 0.501159794466, 
        0.781047354957, 0.796711457998, 0.814594063804, 
        0.826506711265, 0.87886508385, 0.885919333389, 
        0.995320786475, 0.995752407486, 0.997300467664, 
        0.99787476716, 0.998014408712, 0.998539769426]
    N = 18 (0.968)
        WCC positions: 
        [0.0118355703818, 0.0134067865546, 0.022013842999, 
        0.022959177449, 0.484164476057, 0.501050868701, 
        0.780979136846, 0.796684254267, 0.814841585795, 
        0.826795070613, 0.878536563613, 0.885580229719, 
        0.995334356229, 0.995767949995, 0.997302704522, 
        0.997875618732, 0.998011767728, 0.99853793222]
finished!

calculating string at kx = 0.3833
    N = 14 (0.949)
        WCC positions: 
        [0.0119657671402, 0.0135638311977, 0.0218860791004, 
        0.0228047944749, 0.484116031044, 0.501090221714, 
        0.780734816462, 0.79617151403, 0.814411941332, 
        0.826317012031, 0.878784990014, 0.885798706712, 
        0.995301893499, 0.995717946494, 0.997318734091, 
        0.99787384626, 0.998018457987, 0.998526627069]
    N = 18 (0.966)
        WCC positions: 
        [0.0119504935692, 0.0135554582437, 0.0219242866103, 
        0.0228404331296, 0.483979150501, 0.500980545039, 
        0.780660526988, 0.796143732075, 0.81466135528, 
        0.826610584683, 0.878453059889, 0.885456020769, 
        0.995315824408, 0.99573364844, 0.99732104867, 
        0.997874796298, 0.998015961775, 0.998524846606]
finished!

calculating string at kx = 0.3917
    N = 14 (0.946)
        WCC positions: 
        [0.0121003660938, 0.0137278231973, 0.021776964029, 
        0.022662094638, 0.483979415795, 0.500991692287, 
        0.780455322989, 0.7956165611, 0.81423336929, 
        0.826086711845, 0.87870280048, 0.885649704673, 
        0.995284185132, 0.995682970444, 0.997338173465, 
        0.997870472447, 0.998025799093, 0.998513113337]
    N = 18 (0.964)
        WCC positions: 
        [0.0120840806306, 0.0137194239887, 0.0218156391487, 
        0.0226986064901, 0.483837688342, 0.500881404807, 
        0.780374819761, 0.795588978615, 0.814484438067, 
        0.826385850766, 0.878366484726, 0.885302807898, 
        0.995298461586, 0.995698826267, 0.997340584809, 
        0.997871525648, 0.99802351229, 0.998511405003]
finished!

calculating string at kx = 0.4000
    N = 14 (0.941)
        WCC positions: 
        [0.0122562365469, 0.0139084375227, 0.0216466708392, 
        0.0224930225269, 0.483900421075, 0.500856222783, 
        0.780223653506, 0.795050972959, 0.814061884484, 
        0.825808192081, 0.878620370925, 0.885466601702, 
        0.99526806891, 0.995647710405, 0.997358803731, 
        0.997864938495, 0.998036269582, 0.998499209201]
    N = 18 (0.963)
        WCC positions: 
        [0.0122389105747, 0.0139000835118, 0.0216856809178, 
        0.0225302253186, 0.483753846975, 0.500745468749, 
        0.780136582283, 0.795024094946, 0.814314392027, 
        0.826113138409, 0.878278945483, 0.885114819871, 
        0.995282709375, 0.995663740164, 0.997361355513, 
        0.997866100084, 0.998034208849, 0.998497604371]
finished!

calculating string at kx = 0.4083
    N = 14 (0.936)
        WCC positions: 
        [0.0124360897393, 0.0141069079947, 0.0214927589613, 
        0.0222938869597, 0.483894293089, 0.500674403609, 
        0.780055530271, 0.794477369662, 0.81390221916, 
        0.825472740601, 0.878540549529, 0.885243502745, 
        0.995253887324, 0.995612443045, 0.997380644791, 
        0.997857574362, 0.998049467937, 0.998484980599]
    N = 18 (0.961)
        WCC positions: 
        [0.0124177822753, 0.0140987232887, 0.0215320760569, 
        0.0223316772725, 0.483742682111, 0.500563396039, 
        0.779962377642, 0.79445256668, 0.814155693542, 
        0.825783626533, 0.878193003673, 0.884886009727, 
        0.995268905277, 0.995628650752, 0.997383359476, 
        0.997858920308, 0.998047611065, 0.998483489799]
finished!

calculating string at kx = 0.4167
    N = 14 (0.930)
        WCC positions: 
        [0.0126429604709, 0.01432450508, 0.0213129271128, 
        0.0220612895833, 0.483977781374, 0.500434879069, 
        0.779969619839, 0.793898429664, 0.813760895576, 
        0.825070861277, 0.878467206518, 0.884974135325, 
        0.995241998737, 0.995577392543, 0.997403776677, 
        0.997848736807, 0.998065013814, 0.998470397443]
    N = 18 (0.958)
        WCC positions: 
        [0.0126237313208, 0.0143166557845, 0.0213524012762, 
        0.0220993444469, 0.483821022188, 0.500323706713, 
        0.779871080481, 0.793877085632, 0.814014738228, 
        0.825387606603, 0.878112382826, 0.884609926809, 
        0.995257403679, 0.995593790204, 0.997406677233, 
        0.99785035044, 0.998063368061, 0.99846906239]
finished!

calculating string at kx = 0.4250
    N = 14 (0.925)
        WCC positions: 
        [0.0128800193398, 0.0145621692811, 0.021104866722, 
        0.0217921955145, 0.48416848413, 0.500124607036, 
        0.779985094548, 0.793313868412, 0.813647112157, 
        0.824592752864, 0.878405453879, 0.884652802772, 
        0.995232696492, 0.995542806091, 0.997428224415, 
        0.997838690977, 0.998082546112, 0.998455449013]
    N = 18 (0.954)
        WCC positions: 
        [0.0128599688427, 0.0145548478888, 0.0211443328998, 
        0.0218299156866, 0.484006975936, 0.500013330123, 
        0.77988211909, 0.793297189785, 0.813900545337, 
        0.824914705514, 0.878042145243, 0.8842807047, 
        0.995248487905, 0.995559392642, 0.997431325435, 
        0.997840603852, 0.998081105517, 0.998454282597]
finished!

calculating string at kx = 0.4333
    N = 14 (0.920)
        WCC positions: 
        [0.0131504715024, 0.0148203492132, 0.0208663005273, 
        0.0214846010445, 0.484484838689, 0.499729198941, 
        0.780121762626, 0.792720737346, 0.813573443368, 
        0.824028936656, 0.878362133576, 0.884275105855, 
        0.995226207939, 0.995508903385, 0.997453980376, 
        0.997827540732, 0.998101833594, 0.99844004238]
    N = 18 (0.950)
        WCC positions: 
        [0.0131298720639, 0.014813877715, 0.0209054816545, 
        0.0215212054763, 0.484319214013, 0.499617842851, 
        0.780016309294, 0.792710315386, 0.813825499433, 
        0.824354925371, 0.877989072387, 0.883893860815, 
        0.995242436846, 0.995525686302, 0.997457254002, 
        0.997829802121, 0.998100581951, 0.998439053258]
finished!

calculating string at kx = 0.4417
    N = 14 (0.915)
        WCC positions: 
        [0.0134572456576, 0.0150986190718, 0.0205947170636, 
        0.0211385661313, 0.484943514243, 0.499232636548, 
        0.780397288018, 0.792111174691, 0.813556187817, 
        0.8233711493, 0.878345663116, 0.88383854079, 
        0.995222790184, 0.995475899955, 0.997480972623, 
        0.997815214995, 0.998122582483, 0.998424132435]
    N = 18 (0.946)
        WCC positions: 
        [0.0134365777601, 0.0150934741797, 0.0206332295839, 
        0.0211730459293, 0.484775342998, 0.499121336333, 
        0.78029247117, 0.792108643563, 0.813805996978, 
        0.823699367604, 0.877961709193, 0.883447001029, 
        0.995239442868, 0.99549289133, 0.99748446489, 
        0.99781786114, 0.998121539629, 0.99842335508]
finished!

calculating string at kx = 0.4500
    N = 14 (0.911)
        WCC positions: 
        [0.0138027363769, 0.0153950785804, 0.0202872649397, 
        0.0207581636573, 0.485558281841, 0.49861948658, 
        0.780826600127, 0.791473680948, 0.813615537305, 
        0.822614523695, 0.878366207775, 0.883344383919, 
        0.99522251903, 0.995444016431, 0.997509044688, 
        0.997801659325, 0.998144623778, 0.998407546186]
    N = 18 (0.942)
        WCC positions: 
        [0.0137827390126, 0.0153917624519, 0.020324573361, 
        0.0207893159687, 0.485389171945, 0.49850775188, 
        0.780726183731, 0.791479904796, 0.813862392612, 
        0.822942209594, 0.877970330564, 0.88294139243, 
        0.995239583976, 0.995461262441, 0.997512815645, 
        0.997804761657, 0.998143756766, 0.998406979972]
finished!

calculating string at kx = 0.4583
    N = 14 (0.908)
        WCC positions: 
        [0.0141880922827, 0.0157050221662, 0.0199404996111, 
        0.0203537731627, 0.486337311739, 0.497876060715, 
        0.781417549461, 0.790792194421, 0.813775163183, 
        0.821759791138, 0.878435613088, 0.882798488193, 
        0.995225457023, 0.995413447215, 0.997538061922, 
        0.997786704538, 0.99816764979, 0.9983901876]
    N = 18 (0.939)
        WCC positions: 
        [0.0141696755269, 0.0157042603082, 0.0199756902308, 
        0.0203804506244, 0.486169879909, 0.497763346195, 
        0.781325883228, 0.790806653742, 0.814019296548, 
        0.822083490893, 0.878027415688, 0.882383473605, 
        0.99524297303, 0.995430971872, 0.997542068928, 
        0.997790192451, 0.998166991562, 0.998389811174]
finished!

calculating string at kx = 0.4667
    N = 14 (0.907)
        WCC positions: 
        [0.0146119392665, 0.0160183541629, 0.0195541553123, 
        0.0199420567546, 0.48728008288, 0.496993465509, 
        0.782167545507, 0.790047703487, 0.814059963643, 
        0.820815926124, 0.878566483274, 0.882212697096, 
        0.995231616893, 0.995384385913, 0.997567645708, 
        0.997770016482, 0.998191388329, 0.998371902647]
    N = 18 (0.938)
        WCC positions: 
        [0.0145962699097, 0.0160207270332, 0.0195853380967, 
        0.0199640157498, 0.48711611006, 0.496878208505, 
        0.782089221547, 0.790068447533, 0.814302208252, 
        0.821131675284, 0.878145822326, 0.881785489998, 
        0.995249559988, 0.995402214364, 0.997571905317, 
        0.997773870713, 0.998190948262, 0.998371686042]
finished!

calculating string at kx = 0.4750
    N = 14 (0.908)
        WCC positions: 
        [0.0150683545482, 0.0163128730148, 0.0191458105742, 
        0.0195400768385, 0.48837362606, 0.495970367409, 
        0.783060874741, 0.789223034531, 0.814491067346, 
        0.819802409192, 0.878770483855, 0.881604526091, 
        0.995241030981, 0.995357001007, 0.997597387528, 
        0.997751365776, 0.998215599193, 0.998352520738]
    N = 18 (0.937)
        WCC positions: 
        [0.0150568051835, 0.0163188836719, 0.0191704624056, 
        0.0195582010397, 0.488215051232, 0.495851366104, 
        0.783000199345, 0.789246615451, 0.814733663392, 
        0.820106967661, 0.878338233813, 0.881166384752, 
        0.995259282824, 0.995375167232, 0.997601903586, 
        0.997755554307, 0.998215320728, 0.998352468734]
finished!

calculating string at kx = 0.4833
    N = 14 (0.911)
        WCC positions: 
        [0.0155434420589, 0.0165378153069, 0.0187747195592, 
        0.0191610398479, 0.48959234619, 0.494818060091, 
        0.784067352245, 0.788308549885, 0.815081571808, 
        0.81875178309, 0.879057219158, 0.880997385505, 
        0.995253554323, 0.995331556229, 0.997626804524, 
        0.997730532113, 0.998239933772, 0.998332015944]
    N = 18 (0.938)
        WCC positions: 
        [0.015537372011, 0.0165474284934, 0.0187914198, 
        0.0191759349399, 0.489440885802, 0.494694334446, 
        0.784026756674, 0.788329538545, 0.81532786926, 
        0.819042963279, 0.878615487456, 0.880551047483, 
        0.995272086816, 0.995350008192, 0.997631468113, 
        0.997735023112, 0.998239819875, 0.998332048713]
finished!

calculating string at kx = 0.4917
    N = 14 (0.915)
        WCC positions: 
        [0.0160068913337, 0.0165927266546, 0.0185570344418, 
        0.0188267022125, 0.490896732502, 0.493560760561, 
        0.785143715672, 0.787307204074, 0.815830129175, 
        0.817706970474, 0.879430858075, 0.88041691938, 
        0.99526904991, 0.995308264646, 0.997655268395, 
        0.997707497187, 0.998264057397, 0.998310361641]
    N = 18 (0.940)
        WCC positions: 
        [0.0160074215381, 0.0166036860018, 0.0185675630411, 
        0.0188385790166, 0.490753067267, 0.493431495037, 
        0.78512369088, 0.787319814619, 0.81608377708, 
        0.817984313208, 0.878982431313, 0.879966014667, 
        0.995287739512, 0.995326930081, 0.997660056598, 
        0.997712168282, 0.998264060736, 0.998310424014]
finished!

calculating string at kx = 0.5000
    N = 14 (0.920)
        WCC positions: 
        [0.0163941027466, 0.0163941029474, 0.0185916573929, 
        0.0185916574489, 0.492237258338, 0.492237259713, 
        0.786240015644, 0.786240016138, 0.816717362075, 
        0.81671736234, 0.879888092033, 0.879888092591, 
        0.995287361861, 0.995287362065, 0.997682325962, 
        0.997682326013, 0.998287613204, 0.998287613258]
    N = 18 (0.943)
        WCC positions: 
        [0.0164013042322, 0.0164013044355, 0.0186012044542, 
        0.0186012045426, 0.492101180292, 0.49210118166, 
        0.786238503107, 0.78623850363, 0.81698160615, 
        0.816981606416, 0.879436493956, 0.879436494499, 
        0.99530609526, 0.995306095443, 0.997687117818, 
        0.997687117849, 0.99828769118, 0.99828769124]
finished!

Checking neighbouring k-points k = 0.0000 and k = 0.0083
Condition fulfilled

Checking neighbouring k-points k = 0.0083 and k = 0.0167
Condition fulfilled

Checking neighbouring k-points k = 0.0167 and k = 0.0250
Condition fulfilled

Checking neighbouring k-points k = 0.0250 and k = 0.0333
Condition fulfilled

Checking neighbouring k-points k = 0.0333 and k = 0.0417
Condition fulfilled

Checking neighbouring k-points k = 0.0417 and k = 0.0500
Condition fulfilled

Checking neighbouring k-points k = 0.0500 and k = 0.0583
Condition fulfilled

Checking neighbouring k-points k = 0.0583 and k = 0.0667
Condition fulfilled

Checking neighbouring k-points k = 0.0667 and k = 0.0750
Condition fulfilled

Checking neighbouring k-points k = 0.0750 and k = 0.0833
Condition fulfilled

Checking neighbouring k-points k = 0.0833 and k = 0.0917
Condition fulfilled

Checking neighbouring k-points k = 0.0917 and k = 0.1000
Condition fulfilled

Checking neighbouring k-points k = 0.1000 and k = 0.1083
Condition fulfilled

Checking neighbouring k-points k = 0.1083 and k = 0.1167
Condition fulfilled

Checking neighbouring k-points k = 0.1167 and k = 0.1250
Condition fulfilled

Checking neighbouring k-points k = 0.1250 and k = 0.1333
Condition fulfilled

Checking neighbouring k-points k = 0.1333 and k = 0.1417
Condition fulfilled

Checking neighbouring k-points k = 0.1417 and k = 0.1500
Condition fulfilled

Checking neighbouring k-points k = 0.1500 and k = 0.1583
Condition fulfilled

Checking neighbouring k-points k = 0.1583 and k = 0.1667
Condition fulfilled

Checking neighbouring k-points k = 0.1667 and k = 0.1750
Condition fulfilled

Checking neighbouring k-points k = 0.1750 and k = 0.1833
Condition fulfilled

Checking neighbouring k-points k = 0.1833 and k = 0.1917
Condition fulfilled

Checking neighbouring k-points k = 0.1917 and k = 0.2000
Condition fulfilled

Checking neighbouring k-points k = 0.2000 and k = 0.2083
Condition fulfilled

Checking neighbouring k-points k = 0.2083 and k = 0.2167
Condition fulfilled

Checking neighbouring k-points k = 0.2167 and k = 0.2250
Condition fulfilled

Checking neighbouring k-points k = 0.2250 and k = 0.2333
Condition fulfilled

Checking neighbouring k-points k = 0.2333 and k = 0.2417
Condition fulfilled

Checking neighbouring k-points k = 0.2417 and k = 0.2500
Condition fulfilled

Checking neighbouring k-points k = 0.2500 and k = 0.2583
Condition fulfilled

Checking neighbouring k-points k = 0.2583 and k = 0.2667
Condition fulfilled

Checking neighbouring k-points k = 0.2667 and k = 0.2750
Condition fulfilled

Checking neighbouring k-points k = 0.2750 and k = 0.2833
Condition fulfilled

Checking neighbouring k-points k = 0.2833 and k = 0.2917
Condition fulfilled

Checking neighbouring k-points k = 0.2917 and k = 0.3000
Condition fulfilled

Checking neighbouring k-points k = 0.3000 and k = 0.3083
Condition fulfilled

Checking neighbouring k-points k = 0.3083 and k = 0.3167
Condition fulfilled

Checking neighbouring k-points k = 0.3167 and k = 0.3250
Condition fulfilled

Checking neighbouring k-points k = 0.3250 and k = 0.3333
Condition fulfilled

Checking neighbouring k-points k = 0.3333 and k = 0.3417
Condition fulfilled

Checking neighbouring k-points k = 0.3417 and k = 0.3500
Condition fulfilled

Checking neighbouring k-points k = 0.3500 and k = 0.3583
Condition fulfilled

Checking neighbouring k-points k = 0.3583 and k = 0.3667
Condition fulfilled

Checking neighbouring k-points k = 0.3667 and k = 0.3750
Condition fulfilled

Checking neighbouring k-points k = 0.3750 and k = 0.3833
Condition fulfilled

Checking neighbouring k-points k = 0.3833 and k = 0.3917
Condition fulfilled

Checking neighbouring k-points k = 0.3917 and k = 0.4000
Condition fulfilled

Checking neighbouring k-points k = 0.4000 and k = 0.4083
Condition fulfilled

Checking neighbouring k-points k = 0.4083 and k = 0.4167
Condition fulfilled

Checking neighbouring k-points k = 0.4167 and k = 0.4250
Condition fulfilled

Checking neighbouring k-points k = 0.4250 and k = 0.4333
Condition fulfilled

Checking neighbouring k-points k = 0.4333 and k = 0.4417
Condition fulfilled

Checking neighbouring k-points k = 0.4417 and k = 0.4500
Condition fulfilled

Checking neighbouring k-points k = 0.4500 and k = 0.4583
Condition fulfilled

Checking neighbouring k-points k = 0.4583 and k = 0.4667
Condition fulfilled

Checking neighbouring k-points k = 0.4667 and k = 0.4750
Condition fulfilled

Checking neighbouring k-points k = 0.4750 and k = 0.4833
Condition fulfilled

Checking neighbouring k-points k = 0.4833 and k = 0.4917
Condition fulfilled

Checking neighbouring k-points k = 0.4917 and k = 0.5000
Condition fulfilled

+----------------------------------------------------------------------+
|                       finished wcc calculation                       |
|                       time: 0 h 35 min 40 sec                        |
+----------------------------------------------------------------------+
HgTe.py
