+----------------------------------------------------------------------+
| starting wcc calculation                                             |
|                                                                      |
| gap_tol             0.02                                             |
| iterator            [14, 18, 22, 26, 30, 34, 38, 42, 46, 50, 54, 58] |
| min_neighbour_dist  0.001                                            |
| no_iter             False                                            |
| no_neighbour_check  False                                            |
| num_strings         61                                               |
| use_pickle          True                                             |
| verbose             True                                             |
| wcc_tol             0.01                                             |
+----------------------------------------------------------------------+
calculating string at kx = 0.0000
    N = 14 (0.357)
        WCC positions: 
        [6.5608045674e-06, 6.56088345608e-06, 0.00686181073923, 
        0.00686181079501, 0.131017769513, 0.131017777703, 
        0.634273129659, 0.63427313377, 0.736741373955, 
        0.73674137845, 0.809110567012, 0.809110568057, 
        0.990090297163, 0.99009029781, 0.997055569255, 
        0.997055569267, 0.998008502313, 0.998008502407]
    N = 18 (0.411)
        WCC positions: 
        [0.00657202770171, 0.00657202772409, 0.130775385029, 
        0.130775392274, 0.63302840996, 0.633028414021, 
        0.728088362931, 0.728088367219, 0.808151567974, 
        0.808151568844, 0.989852462981, 0.989852463647, 
        0.997040508712, 0.997040508761, 0.997869146236, 
        0.997869146412, 0.999682607052, 0.999682607165]
    N = 22 (0.482)
        WCC positions: 
        [0.00639220733786, 0.00639220742755, 0.129863985319, 
        0.129863991402, 0.628820211131, 0.628820214688, 
        0.720159840166, 0.720159842894, 0.80767944996, 
        0.807679450393, 0.989447730727, 0.989447731308, 
        0.996985009485, 0.996985009518, 0.997621180695, 
        0.997621180856, 0.99929260352, 0.999292603545]
    N = 26 (0.586)
        WCC positions: 
        [0.00628571023437, 0.00628571039556, 0.128776725465, 
        0.128776730331, 0.622527007158, 0.622527008407, 
        0.713957956335, 0.713957956872, 0.8074532367, 
        0.807453237091, 0.988885509102, 0.988885509619, 
        0.996818890974, 0.996818891184, 0.997374968064, 
        0.997374968136, 0.999025774903, 0.999025774941]
    N = 30 (0.718)
        WCC positions: 
        [0.0062275369645, 0.00622753717167, 0.127947185822, 
        0.127947189573, 0.615978462381, 0.615978464642, 
        0.710104470669, 0.710104471487, 0.80740573539, 
        0.807405735619, 0.9882865906, 0.988286590677, 
        0.996557653479, 0.99655765383, 0.997269350538, 
        0.997269350604, 0.998891376033, 0.998891376118]
    N = 34 (0.785)
        WCC positions: 
        [0.00619548719483, 0.00619548738881, 0.127670260048, 
        0.127670263406, 0.611397579157, 0.611397583937, 
        0.708176092768, 0.708176093792, 0.807489099876, 
        0.807489100049, 0.98785158317, 0.987851583475, 
        0.996367294275, 0.996367294684, 0.997237429619, 
        0.997237429677, 0.998833978903, 0.998833978967]
    N = 38 (0.713)
        WCC positions: 
        [0.00617020758924, 0.00617020779596, 0.127850025933, 
        0.127850029398, 0.609228767933, 0.609228773077, 
        0.707074603146, 0.707074603884, 0.807614229267, 
        0.807614229473, 0.987649141202, 0.987649141457, 
        0.996267759993, 0.996267760361, 0.997225189676, 
        0.997225189725, 0.998811255841, 0.998811255887]
finished!

calculating string at kx = 0.0083
    N = 14 (0.256)
        WCC positions: 
        [0.00196961051987, 0.0065742572608, 0.00746087486836, 
        0.110433205938, 0.15047162425, 0.610149698718, 
        0.650265418466, 0.728308409504, 0.752404608238, 
        0.805218171086, 0.815424711679, 0.987321228752, 
        0.991609367616, 0.99695079028, 0.997133443798, 
        0.997622779563, 0.998194821104, 0.999035995879]
    N = 18 (0.279)
        WCC positions: 
        [0.00239947420026, 0.00635604588945, 0.00733292798736, 
        0.110810452872, 0.149593865181, 0.602119426424, 
        0.65279403779, 0.71887926309, 0.75195987526, 
        0.805342601117, 0.813960967013, 0.986480894653, 
        0.991629029406, 0.996804531454, 0.99712570886, 
        0.997314884579, 0.998213537237, 0.99884869545]
    N = 22 (0.305)
        WCC positions: 
        [0.00255079432483, 0.00624484462973, 0.00724836234732, 
        0.110168036845, 0.148625695476, 0.591927659085, 
        0.653773080013, 0.712307044309, 0.751255862164, 
        0.805614961132, 0.812996464595, 0.985472422301, 
        0.991626793764, 0.996459890032, 0.997109673888, 
        0.99720286522, 0.998217228851, 0.99874153761]
    N = 26 (0.343)
        WCC positions: 
        [0.00250453148923, 0.00617667982758, 0.00718666597521, 
        0.109274374221, 0.147701881108, 0.58192159611, 
        0.653699405981, 0.707944109815, 0.750220197518, 
        0.805799634993, 0.81237760109, 0.984484487603, 
        0.991584888707, 0.996126576474, 0.997098839038, 
        0.997177370111, 0.998211218894, 0.998683750917]
    N = 30 (0.407)
        WCC positions: 
        [0.00232774678613, 0.00612448154134, 0.00712805349971, 
        0.108549915846, 0.146794640502, 0.573411328484, 
        0.652881198748, 0.704972684223, 0.748858652465, 
        0.805886501488, 0.811981114118, 0.983654608592, 
        0.991503424419, 0.995878822081, 0.997092514975, 
        0.99716646002, 0.998197308135, 0.998650031154]
    N = 34 (0.523)
        WCC positions: 
        [0.00208668330583, 0.00608178987737, 0.00707269274492, 
        0.108068062243, 0.145996198275, 0.566549851226, 
        0.651550085853, 0.702871967101, 0.747460531693, 
        0.805900285518, 0.811777073546, 0.983005615583, 
        0.991387683532, 0.995699306264, 0.99708685626, 
        0.997159840876, 0.99817713843, 0.998628518985]
    N = 38 (0.699)
        WCC positions: 
        [0.00183581881049, 0.00605001068464, 0.00703693516429, 
        0.107874637137, 0.145532136274, 0.561582651779, 
        0.649921461952, 0.701552817347, 0.746403491433, 
        0.805873247854, 0.811825235356, 0.982552464124, 
        0.991245268773, 0.995578231507, 0.997080561301, 
        0.997156305816, 0.998153028539, 0.998615271245]
    N = 42 (0.681)
        WCC positions: 
        [0.00165479022639, 0.00602995617275, 0.00702099946038, 
        0.108023289669, 0.145529023501, 0.559042517675, 
        0.648641735369, 0.70089168447, 0.745786280258, 
        0.805882700747, 0.812040886823, 0.982339922752, 
        0.991126938163, 0.995514237929, 0.997075211051, 
        0.997155109747, 0.998132902332, 0.998609074236]
finished!

calculating string at kx = 0.0167
    N = 14 (0.135)
        WCC positions: 
        [0.00391312527829, 0.00642615790165, 0.00869933752967, 
        0.0882691593443, 0.177770421284, 0.586954847374, 
        0.660361632272, 0.728061129549, 0.767806266105, 
        0.802423174635, 0.828395842524, 0.983732731611, 
        0.992442884749, 0.996869199337, 0.997205679475, 
        0.997410761906, 0.998254792444, 0.998785606287]
    N = 18 (0.138)
        WCC positions: 
        [0.00465106366792, 0.00626962701574, 0.00984734784875, 
        0.0896211870987, 0.178004981391, 0.577334938057, 
        0.662859600967, 0.72085564245, 0.774375187733, 
        0.803392325669, 0.830247009255, 0.982646555954, 
        0.992442401971, 0.996690567859, 0.997136778391, 
        0.997248174012, 0.998289542296, 0.998710320594]
    N = 22 (0.139)
        WCC positions: 
        [0.00496326445437, 0.006196074049, 0.0113143059857, 
        0.0902642493853, 0.178729764416, 0.568694110814, 
        0.664152193323, 0.716505664611, 0.779792018608, 
        0.804332205254, 0.833399671728, 0.981681719149, 
        0.992460291156, 0.996436007459, 0.997084365356, 
        0.997235965143, 0.998310893567, 0.998669305167]
    N = 26 (0.140)
        WCC positions: 
        [0.00509382983818, 0.00615441394195, 0.0128568944207, 
        0.0907456416662, 0.180025230134, 0.562162777378, 
        0.664888720801, 0.713839967233, 0.783842536043, 
        0.805092995668, 0.837544926569, 0.980962778839, 
        0.992481439646, 0.996238576635, 0.997068919514, 
        0.99723315292, 0.998325193274, 0.998647250172]
    N = 30 (0.144)
        WCC positions: 
        [0.00515594797638, 0.00612667097374, 0.0143841583229, 
        0.0912243740858, 0.181774101905, 0.55760897244, 
        0.665373765354, 0.712128616724, 0.78676806551, 
        0.805677251194, 0.842321093486, 0.980479452087, 
        0.992503581746, 0.996103541205, 0.997063331611, 
        0.997231749888, 0.998335516698, 0.998634963552]
    N = 34 (0.152)
        WCC positions: 
        [0.00519138819159, 0.00610707599168, 0.015884695193, 
        0.0917123700514, 0.183866723573, 0.554515084946, 
        0.665742988594, 0.710979671486, 0.788896890383, 
        0.80612240304, 0.847452090029, 0.980168954287, 
        0.992526125369, 0.996011567373, 0.997060916435, 
        0.997231011432, 0.998343473913, 0.99862790732]
    N = 38 (0.166)
        WCC positions: 
        [0.00521496841772, 0.00609275887758, 0.0173692136667, 
        0.0922071399498, 0.186231722143, 0.552402993313, 
        0.666046798764, 0.710177136519, 0.790489176806, 
        0.806465693038, 0.852769524584, 0.979972109689, 
        0.992548093645, 0.995947026061, 0.997059703879, 
        0.997230686772, 0.998349900594, 0.998623775641]
    N = 42 (0.194)
        WCC positions: 
        [0.00523180464364, 0.00608152482204, 0.0188417797822, 
        0.092709848288, 0.188814700535, 0.550919003725, 
        0.666292055173, 0.709593659153, 0.79171283774, 
        0.806729132131, 0.858153410386, 0.979846879893, 
        0.992568112195, 0.995899653671, 0.997058970133, 
        0.997230646948, 0.998355202788, 0.998621216816]
    N = 46 (0.245)
        WCC positions: 
        [0.00524344663355, 0.00607139526328, 0.020293169635, 
        0.0932377444804, 0.191582490551, 0.549778187548, 
        0.666452645542, 0.709139152888, 0.792667583662, 
        0.806925105825, 0.863535147078, 0.979762765901, 
        0.992583831005, 0.995861968644, 0.997058317515, 
        0.997230779953, 0.99835946642, 0.998619383774]
    N = 50 (0.356)
        WCC positions: 
        [0.00524910883713, 0.00605975935537, 0.0216835369039, 
        0.0938281809295, 0.194518412583, 0.548653393467, 
        0.666445064261, 0.708728651264, 0.793400726905, 
        0.807047813596, 0.86888538321, 0.979689726983, 
        0.992590044739, 0.995826531088, 0.997057279229, 
        0.997231044519, 0.998362517213, 0.998617283623]
finished!

calculating string at kx = 0.0250
    N = 14 (0.100)
        WCC positions: 
        [0.00601475722472, 0.00690897272024, 0.0185598033046, 
        0.0726652507274, 0.343527958689, 0.590659693706, 
        0.695890458543, 0.736205842521, 0.784063357625, 
        0.802687037787, 0.903698157534, 0.983382990937, 
        0.994504624018, 0.99692403587, 0.997298087648, 
        0.997881098415, 0.998345645311, 0.999068146405]
    N = 18 (0.122)
        WCC positions: 
        [0.00593579788256, 0.00668381263081, 0.0223295742151, 
        0.0756471871582, 0.339052991234, 0.585547631448, 
        0.693558950706, 0.731005728225, 0.788557981766, 
        0.803783065488, 0.909145014084, 0.982716922079, 
        0.994333551295, 0.996893999642, 0.997267896355, 
        0.997655154617, 0.998356179224, 0.998917983427]
    N = 22 (0.144)
        WCC positions: 
        [0.00587845622982, 0.00655353097172, 0.0254301736983, 
        0.0777843842994, 0.336915924535, 0.581661557533, 
        0.691803555688, 0.727789850922, 0.791195693292, 
        0.804698041856, 0.913981121251, 0.982258174114, 
        0.99422366821, 0.996851956486, 0.997231219033, 
        0.997506768594, 0.998363603409, 0.998844833208]
    N = 26 (0.166)
        WCC positions: 
        [0.00583574094588, 0.00647205126077, 0.027885079753, 
        0.0793367814279, 0.33579662641, 0.578960166226, 
        0.690460610504, 0.725750919036, 0.792788476578, 
        0.80535399749, 0.91780799316, 0.981964421715, 
        0.99414455796, 0.996804417056, 0.997195818779, 
        0.997432678235, 0.998368719302, 0.998807965584]
    N = 30 (0.188)
        WCC positions: 
        [0.00580351228846, 0.00641706764751, 0.0298011910257, 
        0.0804915816329, 0.335149826141, 0.577134246926, 
        0.689422096386, 0.724403139124, 0.793797834159, 
        0.805815815611, 0.920725206835, 0.981783845086, 
        0.994084519636, 0.996760386783, 0.997169460496, 
        0.997397153248, 0.998372341331, 0.998787864989]
    N = 34 (0.211)
        WCC positions: 
        [0.00577879543064, 0.00637787364664, 0.0312937716215, 
        0.0813695553779, 0.334718088425, 0.575867514715, 
        0.688604945687, 0.72346467838, 0.794469901343, 
        0.80614487036, 0.922931331119, 0.98167090427, 
        0.994037448184, 0.996723614372, 0.99715173234, 
        0.997378150313, 0.998374991744, 0.998775837039]
finished!

calculating string at kx = 0.0333
    N = 14 (0.389)
        WCC positions: 
        [0.0059725243169, 0.0072164743104, 0.0193403204586, 
        0.0514397045745, 0.39916617442, 0.582277274529, 
        0.714279232531, 0.738280282813, 0.785100133979, 
        0.80179773236, 0.913078597474, 0.980167029069, 
        0.995220487088, 0.996923673455, 0.997324820883, 
        0.998076051127, 0.998361696158, 0.999180653827]
    N = 18 (0.429)
        WCC positions: 
        [0.00590726811376, 0.00699728440355, 0.0220818017899, 
        0.0539307596591, 0.392933143341, 0.578266223119, 
        0.711115952559, 0.733948362829, 0.788778600654, 
        0.802701941293, 0.916178761546, 0.979583338348, 
        0.995080235792, 0.996904387428, 0.997296757722, 
        0.997925618538, 0.998365822924, 0.99900320898]
    N = 22 (0.464)
        WCC positions: 
        [0.00587123183502, 0.00686119168118, 0.0241252994448, 
        0.0556660934384, 0.388903829289, 0.575507067785, 
        0.708920082022, 0.731312929908, 0.790942325878, 
        0.803405231116, 0.918680610584, 0.979238228455, 
        0.994980215019, 0.996890032326, 0.997271511714, 
        0.99780786703, 0.9983693751, 0.998914525521]
    N = 26 (0.496)
        WCC positions: 
        [0.00584920581964, 0.00677231481391, 0.0256315712249, 
        0.0569049071026, 0.386156014515, 0.57368809618, 
        0.707332254312, 0.729687911458, 0.792264736599, 
        0.803906823039, 0.920576639856, 0.979041990037, 
        0.994906264935, 0.99687847202, 0.997250603884, 
        0.997729598473, 0.998371986961, 0.998869312432]
    N = 30 (0.525)
        WCC positions: 
        [0.0058346100348, 0.00671169580913, 0.0267443197547, 
        0.0578178805397, 0.38418736424, 0.572491386656, 
        0.706156323794, 0.728650863174, 0.793112918306, 
        0.804265103821, 0.921984306764, 0.978933249214, 
        0.994850376064, 0.996869152486, 0.997234360664, 
        0.997679265026, 0.998373899029, 0.998844483847]
finished!

calculating string at kx = 0.0417
    N = 14 (0.445)
        WCC positions: 
        [0.00591926649552, 0.00733848077631, 0.0167144700977, 
        0.0354646953297, 0.417230634385, 0.572844530459, 
        0.725586232201, 0.739513287528, 0.784126735311, 
        0.801414788119, 0.907894678552, 0.975220999108, 
        0.995535155658, 0.996949565275, 0.997328498181, 
        0.998173183837, 0.998377001316, 0.999160457599]
    N = 18 (0.514)
        WCC positions: 
        [0.00586959304732, 0.00716741773901, 0.0186970345265, 
        0.0373032210247, 0.412334704746, 0.569563189009, 
        0.72276786687, 0.736050960336, 0.787333120364, 
        0.802077831679, 0.910440253853, 0.97475373252, 
        0.995442029206, 0.996926592748, 0.997302265843, 
        0.998088967553, 0.998375244113, 0.999006752451]
    N = 22 (0.570)
        WCC positions: 
        [0.00584369312536, 0.00706386627422, 0.0201155233463, 
        0.038516285993, 0.409237571022, 0.567443853183, 
        0.720874165752, 0.734022469134, 0.789252799857, 
        0.802547849665, 0.91239343898, 0.974505016494, 
        0.995372773545, 0.996914539249, 0.99728130842, 
        0.998018975453, 0.998375524409, 0.998925365482]
    N = 26 (0.617)
        WCC positions: 
        [0.00582890965943, 0.00699708991147, 0.0211270302239, 
        0.0393541959124, 0.407154296761, 0.566088006132, 
        0.719537680571, 0.732803157636, 0.790453169375, 
        0.802869116922, 0.913827511715, 0.974377405153, 
        0.995321451843, 0.996907237465, 0.997265637009, 
        0.997968620939, 0.998376197261, 0.998882070508]
finished!

calculating string at kx = 0.0500
    N = 14 (0.497)
        WCC positions: 
        [0.00587783196545, 0.00742811310644, 0.0145223958314, 
        0.0255108266668, 0.430742551579, 0.565247191057, 
        0.733821033344, 0.741892951807, 0.78312560698, 
        0.801732116068, 0.903550467887, 0.969376715904, 
        0.99571726783, 0.997003904964, 0.997326601476, 
        0.998206983159, 0.998397495224, 0.999121086064]
    N = 18 (0.562)
        WCC positions: 
        [0.00584302743869, 0.0073025512184, 0.0158779325275, 
        0.0268438993722, 0.426848206805, 0.562632284908, 
        0.7314557104, 0.73922620922, 0.78572217766, 0.802188709096, 
        0.905458965982, 0.969067759402, 0.995667283665, 
        0.996972633744, 0.997302466679, 0.998171414432, 
        0.998391850517, 0.999009283801]
    N = 22 (0.615)
        WCC positions: 
        [0.0058246969671, 0.00722891218421, 0.0168170785191, 
        0.0276775201369, 0.424443253568, 0.56101267939, 
        0.729923263364, 0.737693047395, 0.787289371999, 
        0.802487350419, 0.906877564275, 0.968919948469, 
        0.995626370892, 0.996956455412, 0.997285268843, 
        0.998141069513, 0.998388643114, 0.998944188999]
finished!

calculating string at kx = 0.0583
    N = 14 (0.551)
        WCC positions: 
        [0.00583994039717, 0.00747891069616, 0.0128790486059, 
        0.0193579182987, 0.442204793339, 0.55924090363, 
        0.740222772856, 0.744781341056, 0.782526028609, 
        0.802417640811, 0.900497402209, 0.963098044054, 
        0.995817329086, 0.997088535851, 0.997325309491, 
        0.998199426212, 0.99841218223, 0.999070640767]
    N = 18 (0.613)
        WCC positions: 
        [0.00581865513044, 0.007394659809, 0.0137893237031, 
        0.0202907854984, 0.439022024434, 0.557146653001, 
        0.738312109308, 0.742730553248, 0.784517980743, 
        0.802729166094, 0.90183655309, 0.962918762709, 
        0.995802034061, 0.997053235235, 0.997301833495, 
        0.998188380323, 0.998409715014, 0.999002798706]
    N = 22 (0.664)
        WCC positions: 
        [0.00580709637919, 0.00734690328413, 0.0144027533365, 
        0.0208542604874, 0.43709946797, 0.555893883056, 
        0.737113940292, 0.741565319194, 0.785716223373, 
        0.802920279101, 0.902813609023, 0.962848711577, 
        0.995784256212, 0.997033604963, 0.997286845718, 
        0.99817937499, 0.998407303169, 0.998958878425]
    N = 26 (0.707)
        WCC positions: 
        [0.00580024848641, 0.00731708435992, 0.0148215492042, 
        0.0212167943173, 0.435848204412, 0.555125674616, 
        0.736317388458, 0.740865116479, 0.786474990363, 
        0.803038584581, 0.903501449895, 0.962830939624, 
        0.99576920076, 0.997021687855, 0.997277196695, 
        0.998172647037, 0.998405470883, 0.998932212187]
finished!

calculating string at kx = 0.0667
    N = 14 (0.598)
        WCC positions: 
        [0.00580688373006, 0.00747315574563, 0.0116688660007, 
        0.0156694580934, 0.451837582952, 0.55435613163, 
        0.744847158905, 0.748082640199, 0.782472749181, 
        0.803305300969, 0.898356483379, 0.956824611567, 
        0.99585702104, 0.997172999503, 0.99734092836, 
        0.99815856646, 0.998416163387, 0.999004153902]
    N = 18 (0.659)
        WCC positions: 
        [0.00579635589493, 0.00742820777826, 0.0122679883657, 
        0.0163057890043, 0.449189900477, 0.552650586984, 
        0.743347287683, 0.74650691326, 0.783928137463, 
        0.803521391713, 0.89924868498, 0.956720272639, 
        0.995864971861, 0.997147334966, 0.99731161568, 
        0.998161669592, 0.99841772917, 0.998973497772]
finished!

calculating string at kx = 0.0750
    N = 14 (0.638)
        WCC positions: 
        [0.00578511488754, 0.00739902461124, 0.0108120473461, 
        0.0135500781914, 0.45984641366, 0.55026326586, 
        0.747927580121, 0.751594611688, 0.782990537195, 
        0.804298136104, 0.896837658762, 0.950870020811, 
        0.995858939488, 0.997197788281, 0.997409508017, 
        0.998083040882, 0.998415897316, 0.998931967994]
    N = 18 (0.698)
        WCC positions: 
        [0.00578147871933, 0.00739027274794, 0.0111884228103, 
        0.0139819037319, 0.457615866689, 0.548847390021, 
        0.746748544076, 0.75042044763, 0.7839980626, 
        0.804454050185, 0.897392769421, 0.950791762182, 
        0.995880230166, 0.997190259066, 0.997372997789, 
        0.998099155008, 0.998418471315, 0.998925610036]
finished!

calculating string at kx = 0.0833
    N = 14 (0.671)
        WCC positions: 
        [0.00578288550678, 0.00727151885015, 0.0102745745694, 
        0.0123703173053, 0.46647491008, 0.546748029929, 
        0.750253914745, 0.754669005416, 0.784019745348, 
        0.805333640724, 0.895740318079, 0.945385903332, 
        0.995840958717, 0.997165242618, 0.997506860578, 
        0.997980014303, 0.998419757869, 0.998868540162]
    N = 18 (0.731)
        WCC positions: 
        [0.00578208235676, 0.00728841424443, 0.0104956246472, 
        0.0126679113755, 0.464580035556, 0.545550789633, 
        0.749319861685, 0.753825790328, 0.78467432373, 
        0.805453732431, 0.896047207062, 0.945301979028, 
        0.995869255159, 0.997167921484, 0.9974765368, 
        0.99800690601, 0.998420722257, 0.998873879559]
finished!

calculating string at kx = 0.0917
    N = 14 (0.700)
        WCC positions: 
        [0.00580806903922, 0.00713971220598, 0.0100025173001, 
        0.0117177683412, 0.471967607095, 0.543666359002, 
        0.752213444075, 0.757130353017, 0.785440001733, 
        0.806371501469, 0.894932038518, 0.940409722971, 
        0.995814621806, 0.997096979649, 0.997593087824, 
        0.997875056505, 0.998431355574, 0.998819678293]
    N = 18 (0.758)
        WCC positions: 
        [0.00580678216842, 0.00716530928645, 0.0101270075503, 
        0.0119268765509, 0.470344130794, 0.542636053658, 
        0.751465121704, 0.756543751404, 0.785834992897, 
        0.806471285389, 0.895055776121, 0.940302459447, 
        0.995846150525, 0.997110052371, 0.99757372038, 
        0.997904477572, 0.998429967694, 0.998828923997]
finished!

calculating string at kx = 0.1000
    N = 14 (0.724)
        WCC positions: 
        [0.00586596659778, 0.00705273553454, 0.00991131911973, 
        0.0113620038329, 0.476527020686, 0.540918682418, 
        0.753937005203, 0.759074801304, 0.787110041729, 
        0.807386573251, 0.894317496929, 0.935920680251, 
        0.995786371961, 0.996997927639, 0.997643207897, 
        0.997806524373, 0.998450432259, 0.99878344351]
    N = 18 (0.781)
        WCC positions: 
        [0.00586225210712, 0.00707422593762, 0.00998174554304, 
        0.0115118231012, 0.475127509523, 0.540017808248, 
        0.753330366325, 0.75867505123, 0.78732830485, 
        0.807476017283, 0.894307499013, 0.935782087872, 
        0.99581900543, 0.997022744158, 0.997640560698, 
        0.997824654826, 0.998447165541, 0.998793235396]
finished!

calculating string at kx = 0.1083
    N = 14 (0.745)
        WCC positions: 
        [0.00595876922088, 0.00703160165894, 0.00992927383359, 
        0.0111839154728, 0.480325491424, 0.538434167864, 
        0.755489558814, 0.760643670722, 0.788902367061, 
        0.808363272973, 0.893831532743, 0.931872404448, 
        0.995759571785, 0.996876009221, 0.997635146572, 
        0.997805750064, 0.998474949152, 0.998755959042]
    N = 18 (0.801)
        WCC positions: 
        [0.0059517202344, 0.00704441085073, 0.0099706428598, 
        0.0112932193236, 0.479110884655, 0.537635377636, 
        0.754991209256, 0.760373924825, 0.789009797178, 
        0.808449250061, 0.893723505764, 0.931700147256, 
        0.995792204021, 0.996911132052, 0.997649633481, 
        0.997806847875, 0.99847088335, 0.998765159685]
finished!

calculating string at kx = 0.1167
    N = 14 (0.762)
        WCC positions: 
        [0.00608567634756, 0.00707584328666, 0.010012288336, 
        0.0111201663739, 0.483501647871, 0.536160997779, 
        0.756912615239, 0.761956465827, 0.790722226633, 
        0.809293601366, 0.893429954558, 0.928213011162, 
        0.995735821091, 0.99674377737, 0.997605779731, 
        0.997835266365, 0.998502358523, 0.998734065587]
    N = 18 (0.817)
        WCC positions: 
        [0.00607533767809, 0.00708002023621, 0.0100376506363, 
        0.0112013404408, 0.482441120381, 0.535444137972, 
        0.756498107837, 0.761774290269, 0.790765659418, 
        0.80938063151, 0.893250028159, 0.928007886158, 
        0.995767803836, 0.996785661957, 0.997621424438, 
        0.997833598733, 0.9984985128, 0.998742494642]
finished!

calculating string at kx = 0.1250
    N = 14 (0.778)
        WCC positions: 
        [0.00624406787087, 0.00717641004216, 0.01013615311, 
        0.0111340692009, 0.486162793624, 0.534059308996, 
        0.758234316403, 0.763101678142, 0.792507344479, 
        0.810173194486, 0.893079581177, 0.924891023268, 
        0.995715618923, 0.996612192968, 0.997582451385, 
        0.997863778468, 0.998530042853, 0.998715998588]
    N = 18 (0.831)
        WCC positions: 
        [0.00623092703636, 0.00717363686731, 0.010152261801, 
        0.0111953886926, 0.485230753357, 0.533410485547, 
        0.757885315722, 0.762977783538, 0.792518326676, 
        0.810264532939, 0.892846733993, 0.924656879179, 
        0.995746623154, 0.996657346852, 0.997595136124, 
        0.997863468014, 0.998527167398, 0.998723713976]
finished!

calculating string at kx = 0.1333
    N = 14 (0.792)
        WCC positions: 
        [0.00643066254094, 0.00732333656385, 0.0102867309889, 
        0.011203274473, 0.488397691081, 0.532100247802, 
        0.759476641096, 0.764137353515, 0.794222393811, 
        0.811001079809, 0.892759572798, 0.921862803188, 
        0.99569886235, 0.996487825221, 0.997567488273, 
        0.997886175925, 0.99855561591, 0.998700952907]
    N = 18 (0.843)
        WCC positions: 
        [0.00641536475143, 0.00731543817522, 0.0102972865618, 
        0.0112504035108, 0.487575671264, 0.531507458385, 
        0.759179579955, 0.764052408857, 0.794220744636, 
        0.81109856295, 0.892488710437, 0.921601838423, 
        0.995728785381, 0.996533702436, 0.9975774734, 
        0.997887307186, 0.998554254892, 0.998707964614]
finished!

calculating string at kx = 0.1417
    N = 14 (0.803)
        WCC positions: 
        [0.00664199117034, 0.00750807452616, 0.0104558567354, 
        0.0113130747179, 0.490274580856, 0.530261054435, 
        0.760655669876, 0.765100924039, 0.79585010723, 
        0.811778000218, 0.892453077069, 0.919089244452, 
        0.995685151603, 0.996373510953, 0.997559247362, 
        0.997902902761, 0.998576837416, 0.998688936579]
    N = 18 (0.853)
        WCC positions: 
        [0.00662511790191, 0.00749661892755, 0.0104628900016, 
        0.0113498227295, 0.489544027662, 0.529715604524, 
        0.760400196651, 0.765042209659, 0.795847385833, 
        0.811882586716, 0.892153177114, 0.918804767356, 
        0.995713928838, 0.996418644248, 0.997567231715, 
        0.997905022528, 0.99857720564, 0.998695307304]
finished!

calculating string at kx = 0.1500
    N = 14 (0.814)
        WCC positions: 
        [0.00687488279576, 0.00772344276227, 0.0106384866147, 
        0.0114534174625, 0.491850913003, 0.528523243763, 
        0.761782915094, 0.766016079578, 0.797383293165, 
        0.81250501271, 0.892150382349, 0.916536776152, 
        0.995673930036, 0.996269862527, 0.99755607699, 
        0.997915214963, 0.998591464339, 0.998680937455]
    N = 18 (0.862)
        WCC positions: 
        [0.00685693881746, 0.00770981651539, 0.0106432882541, 
        0.0114824092496, 0.491198520099, 0.528018764879, 
        0.761561428567, 0.765975123914, 0.797386770557, 
        0.812617539749, 0.891829302712, 0.916232424665, 
        0.995701608977, 0.996313448844, 0.997562586487, 
        0.997917921446, 0.998593617485, 0.998686714595]
finished!

calculating string at kx = 0.1583
    N = 14 (0.823)
        WCC positions: 
        [0.00712619606595, 0.00796388807685, 0.0108311920814, 
        0.0116170667835, 0.493171965665, 0.526873269307, 
        0.762867038152, 0.766896966522, 0.798821660468, 
        0.813184117053, 0.891844619844, 0.914178485604, 
        0.995664575527, 0.99617648598, 0.997556780941, 
        0.997924249877, 0.998597491137, 0.998678209514]
    N = 18 (0.870)
        WCC positions: 
        [0.00710769155592, 0.00794896030845, 0.0108345117825, 
        0.0116402887951, 0.492584350135, 0.526403839878, 
        0.76267357133, 0.766868400094, 0.798835178352, 
        0.813304835569, 0.89150586434, 0.913856334619, 
        0.995691182238, 0.996218176455, 0.997562237131, 
        0.997927236944, 0.998601090755, 0.998683645754]
finished!

calculating string at kx = 0.1667
    N = 14 (0.831)
        WCC positions: 
        [0.00739318537716, 0.00822477631027, 0.0110316778644, 
        0.0117988174362, 0.494273897513, 0.52529996112, 
        0.763914088021, 0.767752303866, 0.800168413449, 
        0.813817408829, 0.891530400166, 0.911991239828, 
        0.99565643038, 0.996092430239, 0.997560521374, 
        0.997930892799, 0.99859508939, 0.998680247989]
    N = 18 (0.877)
        WCC positions: 
        [0.00737446948605, 0.00820925980009, 0.0110340238616, 
        0.0118175243435, 0.493742472171, 0.524861207453, 
        0.763743507254, 0.767732426294, 0.800194024316, 
        0.813946384424, 0.891178615718, 0.911653823127, 
        0.995682066935, 0.996132098689, 0.997565218501, 
        0.997933991315, 0.998599528982, 0.998685829092]
finished!

calculating string at kx = 0.1750
    N = 14 (0.839)
        WCC positions: 
        [0.00767333753592, 0.00850237182702, 0.0112382655192, 
        0.0119946135006, 0.495186640727, 0.523794045016, 
        0.764928238685, 0.768586832432, 0.801428018508, 
        0.814406417771, 0.891204411914, 0.90995548039, 
        0.995648867273, 0.996016689038, 0.997566636011, 
        0.997935797074, 0.998586952159, 0.998684296917]
    N = 18 (0.883)
        WCC positions: 
        [0.00765473364255, 0.00848675809944, 0.0112399341672, 
        0.0120098518557, 0.4947037161, 0.523382723549, 
        0.764776802876, 0.768573369344, 0.801466647116, 
        0.814543775902, 0.890842742602, 0.909605255836, 
        0.995673648109, 0.996054388236, 0.997570782612, 
        0.997938915553, 0.998591695665, 0.99869041696]
finished!

calculating string at kx = 0.1833
    N = 14 (0.845)
        WCC positions: 
        [0.00796425757725, 0.00879353421255, 0.0114496560133, 
        0.0122014958948, 0.49593690657, 0.522349345643, 
        0.76591295105, 0.769403176234, 0.802606005705, 
        0.814953273321, 0.890866299301, 0.908055832658, 
        0.995641343369, 0.995948342444, 0.997574686241, 
        0.997939469463, 0.998575654829, 0.998687912453]
    N = 18 (0.888)
        WCC positions: 
        [0.00794600698747, 0.00877824257219, 0.0114509062237, 
        0.012213944192, 0.495496053482, 0.521962642644, 
        0.765777799871, 0.769394655322, 0.802657722165, 
        0.815098946529, 0.890496909385, 0.907694541805, 
        0.995665392487, 0.995984042823, 0.997578393859, 
        0.997942535954, 0.998580411091, 0.998694673084]
finished!

calculating string at kx = 0.1917
    N = 14 (0.851)
        WCC positions: 
        [0.00826381528234, 0.00909560267841, 0.0116647722454, 
        0.012417089838, 0.496546774276, 0.520960755574, 
        0.766870309966, 0.770202487441, 0.803707638626, 
        0.815459661952, 0.890516418498, 0.90627942446, 
        0.995633269958, 0.995886561728, 0.997584259844, 
        0.99794226765, 0.998562680854, 0.998689807286]
    N = 18 (0.893)
        WCC positions: 
        [0.00824606639898, 0.0090808876401, 0.0116658046449, 
        0.0124272853765, 0.49614205558, 0.520596066928, 
        0.766748934782, 0.770197649588, 0.803772316967, 
        0.815613407827, 0.890140483515, 0.905908467937, 
        0.995656731438, 0.995920341178, 0.997587650352, 
        0.997945234902, 0.998567345215, 0.998697201214]
finished!

calculating string at kx = 0.2000
    N = 14 (0.856)
        WCC positions: 
        [0.00856993569369, 0.00940616606863, 0.0118827947653, 
        0.0126395337728, 0.497034547688, 0.519624092265, 
        0.767801551034, 0.770985000108, 0.804738389594, 
        0.815927319706, 0.890155175443, 0.904615175204, 
        0.995623975158, 0.995830768487, 0.997595039458, 
        0.997944439705, 0.998548777296, 0.998689411106]
    N = 18 (0.897)
        WCC positions: 
        [0.00855292952129, 0.00939224860752, 0.0118836891161, 
        0.0126479383624, 0.496661166241, 0.519279072981, 
        0.767692029706, 0.770982934175, 0.804815596039, 
        0.81608894573, 0.889773780944, 0.904235636423, 
        0.99564701157, 0.995862727554, 0.997598172235, 
        0.997947270143, 0.998553329806, 0.998697334506]
finished!

calculating string at kx = 0.2083
    N = 14 (0.861)
        WCC positions: 
        [0.00888061185756, 0.00972301586069, 0.0121030538386, 
        0.0128674436834, 0.497415223461, 0.518334971608, 
        0.768707714583, 0.77175049113, 0.805702766858, 
        0.816357566473, 0.889783259662, 0.903052881835, 
        0.99561275247, 0.995780690427, 0.997606684511, 
        0.997946145722, 0.998534345879, 0.998686705123]
    N = 18 (0.900)
        WCC positions: 
        [0.00886443990946, 0.00971008999878, 0.0121038329597, 
        0.0128744108591, 0.497069660777, 0.518008288837, 
        0.768608449259, 0.771750469495, 0.805791950396, 
        0.816526762831, 0.889397596329, 0.902666296098, 
        0.995635604379, 0.99581078476, 0.997609680915, 
        0.997948856445, 0.998538754746, 0.998695038744]
finished!

calculating string at kx = 0.2167
    N = 14 (0.865)
        WCC positions: 
        [0.00919403393012, 0.0100442526476, 0.012324912851, 
        0.0130997035095, 0.497702960704, 0.517091007357, 
        0.769589271385, 0.772498267735, 0.806605317385, 
        0.816751781169, 0.889402517717, 0.901584771588, 
        0.995598682623, 0.995736413194, 0.997619005967, 
        0.997947475234, 0.998519626327, 0.998681774702]
    N = 18 (0.904)
        WCC positions: 
        [0.0091788421528, 0.0100324146161, 0.012325703686, 
        0.0131054315266, 0.497381858312, 0.516781090698, 
        0.76949902697, 0.772499953657, 0.806706047332, 
        0.816928455401, 0.889013223709, 0.901192031264, 
        0.995621586017, 0.995764557944, 0.9976218989, 
        0.99795008076, 0.998523874137, 0.998690407169]
finished!

calculating string at kx = 0.2250
    N = 14 (0.869)
        WCC positions: 
        [0.00950844804253, 0.010367908344, 0.0125478602625, 
        0.0133353954174, 0.497909634157, 0.515890242873, 
        0.770446523271, 0.773227850709, 0.807450246801, 
        0.817111636758, 0.889014811845, 0.900204181081, 
        0.99558065534, 0.995698329596, 0.997631765336, 
        0.997948517169, 0.998504805559, 0.998674694029]
    N = 18 (0.907)
        WCC positions: 
        [0.00949429992265, 0.0103572281615, 0.0125486824602, 
        0.0133401633057, 0.497609692105, 0.515595559533, 
        0.770364297478, 0.77323099785, 0.807561702374, 
        0.81729532353, 0.888621977334, 0.899805909434, 
        0.995603919524, 0.995724436974, 0.997634538444, 
        0.997951044715, 0.998508894399, 0.99868356588]
finished!

calculating string at kx = 0.2333
    N = 14 (0.873)
        WCC positions: 
        [0.00982219708985, 0.0106922023807, 0.0127715266489, 
        0.0135738277414, 0.498045630305, 0.51473042405, 
        0.771279620279, 0.773938506388, 0.808241062009, 
        0.817438241379, 0.88862210024, 0.898904795929, 
        0.995557856626, 0.995666663981, 0.997644734149, 
        0.99794935371, 0.998490004837, 0.998665717586]
    N = 18 (0.909)
        WCC positions: 
        [0.00980918062298, 0.0106827380094, 0.0127724116477, 
        0.0135777927581, 0.497764301293, 0.514449791911, 
        0.771204315592, 0.773942690102, 0.808362812553, 
        0.81762877013, 0.888225984652, 0.898501648166, 
        0.995581695231, 0.995690730953, 0.997647418098, 
        0.997951811352, 0.99849397272, 0.998674696679]
finished!

calculating string at kx = 0.2417
    N = 14 (0.876)
        WCC positions: 
        [0.0101337103189, 0.0110154017265, 0.0129958688586, 
        0.0138145532004, 0.498121070661, 0.513610752822, 
        0.77208826665, 0.774629818629, 0.80898120015, 
        0.817733070342, 0.888227186261, 0.897681919102, 
        0.995530645944, 0.995640686439, 0.997657714372, 
        0.997949958555, 0.998475336023, 0.99865511387]
    N = 18 (0.912)
        WCC positions: 
        [0.0101218390926, 0.0110071725237, 0.0129968587999, 
        0.0138177922278, 0.497855957662, 0.513343103138, 
        0.772019118962, 0.77463466125, 0.809112593979, 
        0.817929992602, 0.887827790033, 0.897274524301, 
        0.995554930736, 0.995662982709, 0.997660370576, 
        0.997952374179, 0.998479195922, 0.998664072576]
finished!

calculating string at kx = 0.2500
    N = 14 (0.879)
        WCC positions: 
        [0.0104414846243, 0.0113357154947, 0.0132206990412, 
        0.0140568118201, 0.498142983875, 0.512529378183, 
        0.772872426478, 0.77530065787, 0.809673367739, 
        0.81799709787, 0.887831133472, 0.896530465239, 
        0.995500405535, 0.995618680835, 0.997670579517, 
        0.997950373783, 0.998460962748, 0.99864296273]
    N = 18 (0.914)
        WCC positions: 
        [0.0104308234214, 0.0113286914629, 0.0132218269824, 
        0.0140595560805, 0.497892683981, 0.512273589723, 
        0.772808944482, 0.77530613246, 0.809814127526, 
        0.818200272553, 0.887429087893, 0.896119071258, 
        0.995524807928, 0.995639622659, 0.997673219357, 
        0.997952729403, 0.998464684001, 0.99865194793]
finished!

calculating string at kx = 0.2583
    N = 14 (0.881)
        WCC positions: 
        [0.0107442764222, 0.0116512392285, 0.013446098901, 
        0.0143002620742, 0.498119580883, 0.511485210261, 
        0.773631996117, 0.775950571319, 0.810320747111, 
        0.818231903558, 0.887436805155, 0.895446051477, 
        0.995468674006, 0.995598816831, 0.997683156069, 
        0.997950547695, 0.998446924067, 0.998629678765]
    N = 18 (0.916)
        WCC positions: 
        [0.0107348210696, 0.0116454774565, 0.0134474708877, 
        0.0143026127522, 0.497882360693, 0.51124069604, 
        0.773573624382, 0.775956705074, 0.810469932266, 
        0.818440724315, 0.88703215743, 0.895031494624, 
        0.995492949075, 0.995618799032, 0.997685804468, 
        0.997952868724, 0.998450527083, 0.998638541463]
finished!

calculating string at kx = 0.2667
    N = 14 (0.884)
        WCC positions: 
        [0.0110409274182, 0.0119601495618, 0.0136724276961, 
        0.0145442939878, 0.49805734921, 0.510477420266, 
        0.774366902197, 0.776579185123, 0.810925544016, 
        0.818438550082, 0.887046060396, 0.894425030018, 
        0.995436649516, 0.995579757068, 0.997695283662, 
        0.997950486082, 0.998433389912, 0.998615386615]
    N = 18 (0.918)
        WCC positions: 
        [0.011032685365, 0.0119556306509, 0.0136739145074, 
        0.0145463629865, 0.497831795743, 0.510243369463, 
        0.774313159151, 0.776585764027, 0.811082938745, 
        0.818652920439, 0.886638984359, 0.894007678087, 
        0.995460611938, 0.995599095557, 0.997697979809, 
        0.997952805169, 0.998436838174, 0.998624098182]
finished!

calculating string at kx = 0.2750
    N = 14 (0.886)
        WCC positions: 
        [0.0113303436918, 0.0122606403252, 0.0138999593681, 
        0.0147884089388, 0.49796225815, 0.509505487541, 
        0.775077002143, 0.777186101845, 0.811490362757, 
        0.818618599603, 0.886660812102, 0.893464026541, 
        0.995404943009, 0.995560734867, 0.997706896694, 
        0.997950145173, 0.998420383352, 0.998600357469]
    N = 18 (0.919)
        WCC positions: 
        [0.011323269081, 0.0122573205891, 0.0139015460162, 
        0.0147903114854, 0.497747339692, 0.509281297279, 
        0.775027314482, 0.77719280062, 0.811655360629, 
        0.818838008604, 0.886251712832, 0.893044466632, 
        0.995428505181, 0.995579625286, 0.997709637817, 
        0.997952488502, 0.998423698692, 0.998608892143]
finished!

calculating string at kx = 0.2833
    N = 14 (0.888)
        WCC positions: 
        [0.0116116738488, 0.0125508277135, 0.0141291892172, 
        0.0150319404003, 0.497840459668, 0.508569568625, 
        0.775761760326, 0.777770506505, 0.812017453128, 
        0.81877341143, 0.886283578229, 0.892560675542, 
        0.995373996799, 0.995541349126, 0.997717854686, 
        0.997949492932, 0.998408065726, 0.998584725911]
    N = 18 (0.921)
        WCC positions: 
        [0.0116057431893, 0.0125486801366, 0.014130885872, 
        0.0150339107729, 0.497634999382, 0.508354235569, 
        0.775716015664, 0.777777468749, 0.812189548672, 
        0.818997514293, 0.885872390292, 0.89213883629, 
        0.995397137463, 0.995559895213, 0.9977206597, 
        0.997951895908, 0.998411195367, 0.998593086186]
finished!

calculating string at kx = 0.2917
    N = 14 (0.890)
        WCC positions: 
        [0.0118841990948, 0.0128288507468, 0.0143604264298, 
        0.0152743534701, 0.497695654935, 0.507667425815, 
        0.776421577355, 0.77833247399, 0.81250847236, 
        0.818903909368, 0.885915175056, 0.891710694655, 
        0.995343931027, 0.995521387632, 0.997728111201, 
        0.997948474231, 0.99839645986, 0.998568841891]
    N = 18 (0.922)
        WCC positions: 
        [0.0118793309399, 0.0128278512386, 0.0143623538103, 
        0.0152763783019, 0.497498979949, 0.507460646247, 
        0.776379397535, 0.778339630973, 0.81268739422, 
        0.819132519202, 0.885502156361, 0.891287042208, 
        0.995366649303, 0.99553967611, 0.99773100213, 
        0.997950940277, 0.998399441399, 0.99857692051]
finished!

calculating string at kx = 0.3000
    N = 14 (0.892)
        WCC positions: 
        [0.0121472886141, 0.0130931523453, 0.0145942175415, 
        0.0155148017594, 0.497533133973, 0.506799497358, 
        0.777056214848, 0.778871687546, 0.81296566136, 
        0.81901175908, 0.885557627885, 0.890911942603, 
        0.995314926569, 0.995500724324, 0.997737578163, 
        0.997947068946, 0.998385647772, 0.998552825592]
    N = 18 (0.924)
        WCC positions: 
        [0.0121434880302, 0.01309321534, 0.0145964218026, 
        0.0155170413379, 0.497344144655, 0.50660027316, 
        0.777017300145, 0.778878989088, 0.813150930306, 
        0.819244373486, 0.885142799469, 0.890486490927, 
        0.995337218659, 0.995518798557, 0.997740563971, 
        0.997949619488, 0.998388482877, 0.998560604182]
finished!

calculating string at kx = 0.3083
    N = 14 (0.894)
        WCC positions: 
        [0.0124006240061, 0.0133425042676, 0.0148306087489, 
        0.0157525573313, 0.49735690878, 0.505965102413, 
        0.777665409068, 0.779387795788, 0.813390845538, 
        0.819098245429, 0.88521235519, 0.89016170063, 
        0.99528699832, 0.995479381726, 0.997746206804, 
        0.997945247532, 0.998375691552, 0.998536847464]
    N = 18 (0.925)
        WCC positions: 
        [0.0123976967556, 0.0133435575742, 0.0148330768159, 
        0.0157551568996, 0.497174907261, 0.505772992933, 
        0.777629513378, 0.77939516911, 0.813582089609, 
        0.819334560031, 0.884795833456, 0.889734728171, 
        0.995308908459, 0.995497327584, 0.997749302548, 
        0.997947901773, 0.998378384579, 0.998544341167]
finished!

calculating string at kx = 0.3167
    N = 14 (0.896)
        WCC positions: 
        [0.0126437556634, 0.0135760870533, 0.0150693578675, 
        0.0159867926153, 0.497170774859, 0.505163861351, 
        0.77824939342, 0.779880824826, 0.81378592755, 
        0.819164853549, 0.884880637629, 0.889457539942, 
        0.995260205699, 0.99545744696, 0.997753995943, 
        0.997942952774, 0.998366634744, 0.998521147345]
    N = 18 (0.926)
        WCC positions: 
        [0.0126417705363, 0.013577929941, 0.0150722226422, 
        0.0159897743713, 0.496995258656, 0.504978513091, 
        0.778216179417, 0.779888051083, 0.813982759331, 
        0.819404503954, 0.884462695059, 0.889029409929, 
        0.995281780813, 0.995475210691, 0.997757175709, 
        0.997945720527, 0.998369192771, 0.998528284767]
finished!

calculating string at kx = 0.3250
    N = 14 (0.897)
        WCC positions: 
        [0.0128766079438, 0.0137933966232, 0.0153098950023, 
        0.0162166454173, 0.4969783238, 0.504395635661, 
        0.778807992662, 0.780350536153, 0.814152714803, 
        0.819212948959, 0.884563730093, 0.888797304534, 
        0.995234661139, 0.995434883061, 0.997760904493, 
        0.997940167472, 0.998358547152, 0.99850577548]
    N = 18 (0.928)
        WCC positions: 
        [0.0128754682497, 0.0137959493338, 0.0153131868403, 
        0.0162200297614, 0.496808455367, 0.504216263342, 
        0.778777239958, 0.780357523489, 0.814354722138, 
        0.819455562002, 0.88414431193, 0.888368014179, 
        0.995255849388, 0.995452537875, 0.997764200414, 
        0.997943076808, 0.998360913846, 0.998512587389]
finished!

calculating string at kx = 0.3333
    N = 14 (0.899)
        WCC positions: 
        [0.0130990788368, 0.013994553364, 0.0155511786521, 
        0.0164411338934, 0.496782594429, 0.503659584901, 
        0.779341281955, 0.780796814078, 0.814492880187, 
        0.819243723502, 0.884262669849, 0.888178613457, 
        0.995210329078, 0.995411855869, 0.997766947825, 
        0.997936891692, 0.998351388665, 0.998490945762]
    N = 18 (0.929)
        WCC positions: 
        [0.0130986866107, 0.013997754664, 0.0155550022496, 
        0.0164450755743, 0.496618014308, 0.503486048061, 
        0.779312824902, 0.780803557707, 0.814699849704, 
        0.819489271021, 0.883841902371, 0.887748434549, 
        0.995231184285, 0.995429387649, 0.997770379377, 
        0.997939947596, 0.998353609791, 0.998497374902]
finished!

calculating string at kx = 0.3417
    N = 14 (0.900)
        WCC positions: 
        [0.0133110765637, 0.0141800642239, 0.0157918370973, 
        0.0166594355806, 0.496586649402, 0.502955945979, 
        0.779849137039, 0.781219669617, 0.814808315108, 
        0.819259014544, 0.883978192739, 0.88759961681, 
        0.995187258397, 0.995388456152, 0.997772172674, 
        0.997933074693, 0.99834518827, 0.998476711725]
    N = 18 (0.930)
        WCC positions: 
        [0.0133113803664, 0.0141838068916, 0.0157962088553, 
        0.0166639658727, 0.496426715202, 0.502787593085, 
        0.779822906346, 0.781226232035, 0.815019609794, 
        0.819506737265, 0.883556156962, 0.887168633086, 
        0.995207776133, 0.99540592356, 0.997775715268, 
        0.997936298188, 0.99834725806, 0.998482776174]
finished!

calculating string at kx = 0.3500
    N = 14 (0.902)
        WCC positions: 
        [0.0135126811518, 0.0143505519288, 0.0160303985978, 
        0.016870632864, 0.496393050784, 0.502284128591, 
        0.780331732125, 0.781619027593, 0.815100340126, 
        0.819259745268, 0.88371107775, 0.88705827808, 
        0.995165465933, 0.995364805897, 0.997776620693, 
        0.997928759566, 0.998339880957, 0.998463245846]
    N = 18 (0.931)
        WCC positions: 
        [0.0135135815788, 0.0143547337015, 0.0160353483083, 
        0.0168757709332, 0.496237445154, 0.502120775741, 
        0.780307434159, 0.781625218661, 0.815315890187, 
        0.819509676653, 0.883287875793, 0.886626758722, 
        0.995185729966, 0.995382218925, 0.997780293128, 
        0.997932136752, 0.998341813914, 0.998468910868]
finished!

calculating string at kx = 0.3583
    N = 14 (0.903)
        WCC positions: 
        [0.013703973138, 0.0145067666076, 0.0162653327657, 
        0.0170738109988, 0.496204100079, 0.501643665837, 
        0.780789053517, 0.781994814347, 0.815370662907, 
        0.819247248695, 0.883461742307, 0.886552590707, 
        0.995145000253, 0.995341021302, 0.997780327479, 
        0.997923941973, 0.998335491, 0.998450563775]
    N = 18 (0.932)
        WCC positions: 
        [0.0137054364518, 0.0145113601249, 0.0162708903887, 
        0.0170796633334, 0.496052683748, 0.501485181188, 
        0.780766606848, 0.782000682517, 0.815590303532, 
        0.819499250138, 0.883037718478, 0.886120875154, 
        0.995165022533, 0.99535838983, 0.997784131736, 
        0.997927493172, 0.998337264152, 0.998455855472]
finished!

calculating string at kx = 0.3667
    N = 14 (0.904)
        WCC positions: 
        [0.013885078762, 0.0146495500225, 0.0164950801912, 
        0.0172681955333, 0.496022181237, 0.501034359966, 
        0.781221245702, 0.782347103308, 0.815620853625, 
        0.819222894216, 0.883230691047, 0.886080783093, 
        0.995125976299, 0.995317216267, 0.997783390889, 
        0.997918659182, 0.998331963186, 0.998438653322]
    N = 18 (0.932)
        WCC positions: 
        [0.0138870587393, 0.014654407429, 0.0165013256067, 
        0.0172746601688, 0.495874214877, 0.500879935408, 
        0.781200470418, 0.78235257254, 0.815844289772, 
        0.81947658198, 0.882805697051, 0.885648651256, 
        0.995145757921, 0.995334560074, 0.997787317897, 
        0.997922374731, 0.998333590983, 0.998443595376]
finished!

calculating string at kx = 0.3750
    N = 14 (0.906)
        WCC positions: 
        [0.0140561290232, 0.0147796071798, 0.0167182360124, 
        0.017453021938, 0.495849238885, 0.500456113338, 
        0.781628278226, 0.782675891482, 0.815852681693, 
        0.819188092426, 0.883018209582, 0.88564133598, 
        0.995108341084, 0.995293583452, 0.997785907325, 
        0.997912955661, 0.998329192348, 0.998427629917]
    N = 18 (0.933)
        WCC positions: 
        [0.0140585127712, 0.0147847169731, 0.0167252396376, 
        0.0174601191911, 0.495704663057, 0.500305605342, 
        0.781609204671, 0.782681057782, 0.816079464293, 
        0.819443081784, 0.882592516456, 0.885209032741, 
        0.995127890822, 0.995310875076, 0.997789958794, 
        0.997916815606, 0.998330722025, 0.998432190634]
finished!

calculating string at kx = 0.3833
    N = 14 (0.907)
        WCC positions: 
        [0.0142170723314, 0.014897668625, 0.0169336398947, 
        0.0176273635876, 0.495687403588, 0.499908824107, 
        0.782010427566, 0.782981258641, 0.816067483054, 
        0.819143788177, 0.882824685828, 0.885232863515, 
        0.995092171712, 0.995270184385, 0.997787963022, 
        0.997906816927, 0.99832716991, 0.998417445028]
    N = 18 (0.934)
        WCC positions: 
        [0.0142198863322, 0.0149029216222, 0.0169412907964, 
        0.0176351873051, 0.495545963568, 0.499761946888, 
        0.781992967258, 0.78298610227, 0.816297571448, 
        0.819400086114, 0.88239844215, 0.884800473297, 
        0.995111531078, 0.995287449637, 0.997792122309, 
        0.997910844617, 0.998328575079, 0.998421674447]
finished!

calculating string at kx = 0.3917
    N = 14 (0.908)
        WCC positions: 
        [0.01436823299, 0.0150042138986, 0.0171401074623, 
        0.017790664049, 0.495538405368, 0.499392135773, 
        0.782367701935, 0.783263154784, 0.816266889683, 
        0.81909132033, 0.882650262877, 0.884853762807, 
        0.995077517589, 0.995247192776, 0.997789671477, 
        0.997900364099, 0.998325813674, 0.998408126369]
    N = 18 (0.935)
        WCC positions: 
        [0.0143714159099, 0.0150095800568, 0.0171484453266, 
        0.0177990869965, 0.495399548384, 0.499248254913, 
        0.782351668095, 0.783267531496, 0.816499734747, 
        0.819348347759, 0.88222342631, 0.884421219269, 
        0.995096677773, 0.995264425814, 0.997793938691, 
        0.99790454435, 0.998327125014, 0.998411988687]
finished!

calculating string at kx = 0.4000
    N = 14 (0.909)
        WCC positions: 
        [0.014509641063, 0.0150997154127, 0.017336552767, 
        0.0179423135768, 0.495403600582, 0.498905440835, 
        0.782700262836, 0.783521625347, 0.816452144735, 
        0.81903153527, 0.882494954117, 0.884502460451, 
        0.995064387959, 0.995224710491, 0.997791086945, 
        0.997893663013, 0.998325042274, 0.998399639826]
    N = 18 (0.936)
        WCC positions: 
        [0.0145131146454, 0.0151051773022, 0.0173455911822, 
        0.0179512949725, 0.495267104344, 0.498764489989, 
        0.782685581496, 0.783525531877, 0.816687604032, 
        0.819289198449, 0.882067514327, 0.884069901392, 
        0.995083376536, 0.995241921038, 0.997795452286, 
        0.997897971284, 0.998326266317, 0.998403168578]
finished!

calculating string at kx = 0.4083
    N = 14 (0.910)
        WCC positions: 
        [0.0146413822646, 0.0151845905677, 0.0175221776128, 
        0.0180815201432, 0.495284358474, 0.498448565038, 
        0.783008047238, 0.783756572335, 0.816624579975, 
        0.818965270568, 0.882358693157, 0.884177784885, 
        0.9950528276, 0.995202890146, 0.997792334164, 
        0.997886753389, 0.99832478792, 0.998391932694]
    N = 18 (0.936)
        WCC positions: 
        [0.0146451675571, 0.0151901141102, 0.0175318496348, 
        0.0180911751559, 0.49515012929, 0.498310396176, 
        0.782994766025, 0.783760122903, 0.816862526842, 
        0.819223534111, 0.88193082174, 0.883745320678, 
        0.995071641552, 0.995220104088, 0.997796841751, 
        0.997891204867, 0.998325939214, 0.998395136651]
finished!

calculating string at kx = 0.4167
    N = 14 (0.911)
        WCC positions: 
        [0.0147636101735, 0.0152591270991, 0.0176962621187, 
        0.018208014214, 0.495182312168, 0.498021542494, 
        0.783291524821, 0.783968280867, 0.816785543857, 
        0.818893570205, 0.882241502183, 0.883878628572, 
        0.995042871287, 0.995181813959, 0.997793557438, 
        0.997879742811, 0.998324995294, 0.998384930203]
    N = 18 (0.937)
        WCC positions: 
        [0.014767625597, 0.0152647505487, 0.017706516944, 
        0.0182182858679, 0.495050078539, 0.497885865868, 
        0.783279378779, 0.783971269766, 0.81702594044, 
        0.819152357384, 0.881813233967, 0.883446306326, 
        0.995061509406, 0.995199046648, 0.997798148947, 
        0.997884313223, 0.998326087919, 0.998387845178]
finished!

calculating string at kx = 0.4250
    N = 14 (0.912)
        WCC positions: 
        [0.0148764053173, 0.0153235979147, 0.0178581307745, 
        0.0183212434569, 0.49509849046, 0.49762387129, 
        0.783550484757, 0.784156615363, 0.816936263931, 
        0.818817154734, 0.882143298585, 0.88360382286, 
        0.995034526348, 0.995161610898, 0.997794824569, 
        0.997872693252, 0.998325608433, 0.998378569789]
    N = 18 (0.938)
        WCC positions: 
        [0.0148806401884, 0.0153292688407, 0.0178688726624, 
        0.0183320407292, 0.494968002382, 0.497490349436, 
        0.783539491699, 0.784159115755, 0.817178814662, 
        0.819076147642, 0.881714760619, 0.883171668526, 
        0.995053021336, 0.995178871054, 0.997799475242, 
        0.997877351003, 0.998326653589, 0.998381247]
finished!

calculating string at kx = 0.4333
    N = 14 (0.913)
        WCC positions: 
        [0.0149797789457, 0.0153782225377, 0.0180071192223, 
        0.0184207634379, 0.495033944594, 0.497255392906, 
        0.783785356159, 0.784321774125, 0.817077997675, 
        0.818736806336, 0.882063948027, 0.883352481309, 
        0.995027823638, 0.99514242083, 0.997796185558, 
        0.997865656033, 0.998326554176, 0.998372833483]
    N = 18 (0.938)
        WCC positions: 
        [0.0149842270387, 0.0153839504729, 0.0180183373605, 
        0.0184320784034, 0.494904967477, 0.49712375901, 
        0.783775458524, 0.784323788386, 0.817322465126, 
        0.818995848963, 0.881635134583, 0.882920481457, 
        0.995046165151, 0.995159715148, 0.99780092405, 
        0.997870441471, 0.998327557027, 0.998375273701]
finished!

calculating string at kx = 0.4417
    N = 14 (0.914)
        WCC positions: 
        [0.0150738171086, 0.0154231335249, 0.0181428234191, 
        0.0185062494688, 0.494989850525, 0.496915778078, 
        0.783996001527, 0.784463495654, 0.817211744719, 
        0.818652971046, 0.882003505574, 0.883123799092, 
        0.995022776741, 0.995124329107, 0.997797731267, 
        0.997858757844, 0.998327784305, 0.998367670294]
    N = 18 (0.939)
        WCC positions: 
        [0.0150784435643, 0.0154288568683, 0.0181545172752, 
        0.018517991369, 0.494862230689, 0.496785856428, 
        0.783987195925, 0.784465010212, 0.817458090504, 
        0.818912057812, 0.881574390637, 0.882691912262, 
        0.995041000391, 0.995141595237, 0.997802538281, 
        0.997863595136, 0.998328771915, 0.998369874119]
finished!

calculating string at kx = 0.4500
    N = 14 (0.914)
        WCC positions: 
        [0.0151585538003, 0.0154584956361, 0.0182647987992, 
        0.0185773397738, 0.494966944136, 0.49660467698, 
        0.784182669948, 0.7845820184, 0.817338593979, 
        0.818566295983, 0.881961608266, 0.882916766252, 
        0.995019449287, 0.995107392836, 0.997799549719, 
        0.997852031944, 0.998329271967, 0.998362982289]
    N = 18 (0.939)
        WCC positions: 
        [0.0151633933201, 0.0154641658346, 0.0182768464666, 
        0.0185894801746, 0.494840592879, 0.496476381648, 
        0.784174900731, 0.784582996067, 0.817586636983, 
        0.818825243302, 0.881532412869, 0.882485186392, 
        0.995037554484, 0.995124664393, 0.997804407859, 
        0.997856923843, 0.998330253803, 0.998364993908]
finished!

calculating string at kx = 0.4583
    N = 14 (0.915)
        WCC positions: 
        [0.0152341053916, 0.0154843673136, 0.0183726476603, 
        0.018633890049, 0.494966337756, 0.496321924938, 
        0.784345531389, 0.7846773463, 0.817459596864, 
        0.818477245035, 0.881938398744, 0.882730839134, 
        0.995017794471, 0.995091738003, 0.997801679489, 
        0.997845534518, 0.998330981557, 0.998358722885]
    N = 18 (0.940)
        WCC positions: 
        [0.0152390765738, 0.0154900115078, 0.018385056509, 
        0.0186463127932, 0.494840925629, 0.496195010304, 
        0.784338608741, 0.784677641057, 0.817709104598, 
        0.818735858046, 0.881509004368, 0.882299557103, 
        0.995035803494, 0.995109033023, 0.997806567601, 
        0.997850472064, 0.99833195676, 0.998360567084]
finished!

calculating string at kx = 0.4667
    N = 14 (0.916)
        WCC positions: 
        [0.0153004796539, 0.0155008425088, 0.0184661163005, 
        0.0186756038199, 0.494988808575, 0.496067371208, 
        0.784484608191, 0.784749393522, 0.817575412422, 
        0.818385988619, 0.881933736458, 0.882565476923, 
        0.995017800302, 0.995077415435, 0.997804141742, 
        0.997839324154, 0.998332884597, 0.998354854058]
    N = 18 (0.940)
        WCC positions: 
        [0.0153055610905, 0.0155064893554, 0.0184788517043, 
        0.0186883135546, 0.49486393247, 0.495941347705, 
        0.78447849889, 0.784749078162, 0.817826221318, 
        0.818644060913, 0.88150408869, 0.882134377332, 
        0.995035723195, 0.995094704097, 0.997809110637, 
        0.997844330896, 0.998333861728, 0.998356523651]
finished!

calculating string at kx = 0.4750
    N = 14 (0.917)
        WCC positions: 
        [0.015357648643, 0.0155080289226, 0.0185449895701, 
        0.0187023613197, 0.495034825133, 0.495840359899, 
        0.784599877789, 0.784798074872, 0.817686944528, 
        0.818292799016, 0.881947504654, 0.882420091081, 
        0.995019549213, 0.99506448669, 0.997807030464, 
        0.997833464437, 0.998334954492, 0.998351309047]
    N = 18 (0.941)
        WCC positions: 
        [0.0153628458838, 0.0155136319645, 0.0185578522174, 
        0.0187153057647, 0.49491046757, 0.495715065071, 
        0.784594674109, 0.784797223118, 0.817939035647, 
        0.818550317373, 0.881517662276, 0.881989100276, 
        0.995037353419, 0.99508186656, 0.997812004969, 
        0.99783848356, 0.99833597862, 0.99835285547]
finished!

calculating string at kx = 0.4833
    N = 14 (0.917)
        WCC positions: 
        [0.0154056276506, 0.0155059763375, 0.0186088780459, 
        0.0187139817034, 0.495105036646, 0.495640537864, 
        0.784691582274, 0.784823554049, 0.817794523994, 
        0.818197463674, 0.88197969219, 0.882294218765, 
        0.995022948711, 0.995053076422, 0.997810339201, 
        0.99782798069, 0.998337209729, 0.998348041125]
    N = 18 (0.941)
        WCC positions: 
        [0.0154109221076, 0.0155115191427, 0.0186219332876, 
        0.0187270958459, 0.494981020283, 0.495515845754, 
        0.784687148857, 0.784821993246, 0.818047763985, 
        0.818454268028, 0.881549670657, 0.881863405541, 
        0.995040690918, 0.995070496863, 0.997815330899, 
        0.997833013259, 0.998338290726, 0.998349466826]
finished!

calculating string at kx = 0.4917
    N = 14 (0.918)
        WCC positions: 
        [0.01544444288, 0.0154946800483, 0.0186578603978, 
        0.0187104415015, 0.49520016772, 0.495467446642, 
        0.784759704686, 0.784825634815, 0.817899047867, 
        0.818100239447, 0.882030370139, 0.882187463385, 
        0.995028048781, 0.995043145948, 0.997814106858, 
        0.997822899997, 0.998339652702, 0.998345016891]
    N = 18 (0.942)
        WCC positions: 
        [0.0154498199534, 0.0155001418407, 0.0186710524394, 
        0.0187236363345, 0.495076381087, 0.495343278473, 
        0.784756007411, 0.784823377696, 0.818153351481, 
        0.818356309801, 0.881600215556, 0.88175689096, 
        0.995045693285, 0.995060623597, 0.997819107478, 
        0.997827956667, 0.998340771098, 0.99834634195]
finished!

calculating string at kx = 0.5000
    N = 14 (0.918)
        WCC positions: 
        [0.0154741386522, 0.0154741388122, 0.0186917390335, 
        0.018691739171, 0.495320740399, 0.495320741934, 
        0.784804427092, 0.784804427874, 0.81800077022, 
        0.818000770547, 0.882099454635, 0.882099455254, 
        0.99503479337, 0.995034793572, 0.997818264497, 
        0.997818264587, 0.998342238097, 0.99834223821]
    N = 18 (0.942)
        WCC positions: 
        [0.0154795618878, 0.0154795620755, 0.01870495765, 
        0.0187049577883, 0.495196960569, 0.495196962098, 
        0.784801426018, 0.784801426717, 0.818256091616, 
        0.81825609193, 0.881669200487, 0.881669201039, 
        0.995052352036, 0.99505235217, 0.9978233121, 
        0.997823312181, 0.998343449488, 0.998343449602]
finished!

Checking neighbouring k-points k = 0.0000 and k = 0.0083
Condition fulfilled

Checking neighbouring k-points k = 0.0083 and k = 0.0167
Condition fulfilled

Checking neighbouring k-points k = 0.0167 and k = 0.0250
Condition fulfilled

Checking neighbouring k-points k = 0.0250 and k = 0.0333
Condition fulfilled

Checking neighbouring k-points k = 0.0333 and k = 0.0417
Condition fulfilled

Checking neighbouring k-points k = 0.0417 and k = 0.0500
Condition fulfilled

Checking neighbouring k-points k = 0.0500 and k = 0.0583
Condition fulfilled

Checking neighbouring k-points k = 0.0583 and k = 0.0667
Condition fulfilled

Checking neighbouring k-points k = 0.0667 and k = 0.0750
Condition fulfilled

Checking neighbouring k-points k = 0.0750 and k = 0.0833
Condition fulfilled

Checking neighbouring k-points k = 0.0833 and k = 0.0917
Condition fulfilled

Checking neighbouring k-points k = 0.0917 and k = 0.1000
Condition fulfilled

Checking neighbouring k-points k = 0.1000 and k = 0.1083
Condition fulfilled

Checking neighbouring k-points k = 0.1083 and k = 0.1167
Condition fulfilled

Checking neighbouring k-points k = 0.1167 and k = 0.1250
Condition fulfilled

Checking neighbouring k-points k = 0.1250 and k = 0.1333
Condition fulfilled

Checking neighbouring k-points k = 0.1333 and k = 0.1417
Condition fulfilled

Checking neighbouring k-points k = 0.1417 and k = 0.1500
Condition fulfilled

Checking neighbouring k-points k = 0.1500 and k = 0.1583
Condition fulfilled

Checking neighbouring k-points k = 0.1583 and k = 0.1667
Condition fulfilled

Checking neighbouring k-points k = 0.1667 and k = 0.1750
Condition fulfilled

Checking neighbouring k-points k = 0.1750 and k = 0.1833
Condition fulfilled

Checking neighbouring k-points k = 0.1833 and k = 0.1917
Condition fulfilled

Checking neighbouring k-points k = 0.1917 and k = 0.2000
Condition fulfilled

Checking neighbouring k-points k = 0.2000 and k = 0.2083
Condition fulfilled

Checking neighbouring k-points k = 0.2083 and k = 0.2167
Condition fulfilled

Checking neighbouring k-points k = 0.2167 and k = 0.2250
Condition fulfilled

Checking neighbouring k-points k = 0.2250 and k = 0.2333
Condition fulfilled

Checking neighbouring k-points k = 0.2333 and k = 0.2417
Condition fulfilled

Checking neighbouring k-points k = 0.2417 and k = 0.2500
Condition fulfilled

Checking neighbouring k-points k = 0.2500 and k = 0.2583
Condition fulfilled

Checking neighbouring k-points k = 0.2583 and k = 0.2667
Condition fulfilled

Checking neighbouring k-points k = 0.2667 and k = 0.2750
Condition fulfilled

Checking neighbouring k-points k = 0.2750 and k = 0.2833
Condition fulfilled

Checking neighbouring k-points k = 0.2833 and k = 0.2917
Condition fulfilled

Checking neighbouring k-points k = 0.2917 and k = 0.3000
Condition fulfilled

Checking neighbouring k-points k = 0.3000 and k = 0.3083
Condition fulfilled

Checking neighbouring k-points k = 0.3083 and k = 0.3167
Condition fulfilled

Checking neighbouring k-points k = 0.3167 and k = 0.3250
Condition fulfilled

Checking neighbouring k-points k = 0.3250 and k = 0.3333
Condition fulfilled

Checking neighbouring k-points k = 0.3333 and k = 0.3417
Condition fulfilled

Checking neighbouring k-points k = 0.3417 and k = 0.3500
Condition fulfilled

Checking neighbouring k-points k = 0.3500 and k = 0.3583
Condition fulfilled

Checking neighbouring k-points k = 0.3583 and k = 0.3667
Condition fulfilled

Checking neighbouring k-points k = 0.3667 and k = 0.3750
Condition fulfilled

Checking neighbouring k-points k = 0.3750 and k = 0.3833
Condition fulfilled

Checking neighbouring k-points k = 0.3833 and k = 0.3917
Condition fulfilled

Checking neighbouring k-points k = 0.3917 and k = 0.4000
Condition fulfilled

Checking neighbouring k-points k = 0.4000 and k = 0.4083
Condition fulfilled

Checking neighbouring k-points k = 0.4083 and k = 0.4167
Condition fulfilled

Checking neighbouring k-points k = 0.4167 and k = 0.4250
Condition fulfilled

Checking neighbouring k-points k = 0.4250 and k = 0.4333
Condition fulfilled

Checking neighbouring k-points k = 0.4333 and k = 0.4417
Condition fulfilled

Checking neighbouring k-points k = 0.4417 and k = 0.4500
Condition fulfilled

Checking neighbouring k-points k = 0.4500 and k = 0.4583
Condition fulfilled

Checking neighbouring k-points k = 0.4583 and k = 0.4667
Condition fulfilled

Checking neighbouring k-points k = 0.4667 and k = 0.4750
Condition fulfilled

Checking neighbouring k-points k = 0.4750 and k = 0.4833
Condition fulfilled

Checking neighbouring k-points k = 0.4833 and k = 0.4917
Condition fulfilled

Checking neighbouring k-points k = 0.4917 and k = 0.5000
Condition fulfilled

+----------------------------------------------------------------------+
|                       finished wcc calculation                       |
|                       time: 0 h 36 min 49 sec                        |
+----------------------------------------------------------------------+
HgTe.py
