+----------------------------------------------------------------------+
| starting wcc calculation                                             |
|                                                                      |
| gap_tol             0.02                                             |
| iterator            [14, 18, 22, 26, 30, 34, 38, 42, 46, 50, 54, 58] |
| min_neighbour_dist  0.001                                            |
| no_iter             False                                            |
| no_neighbour_check  False                                            |
| num_strings         61                                               |
| use_pickle          True                                             |
| verbose             True                                             |
| wcc_tol             0.01                                             |
+----------------------------------------------------------------------+
calculating string at kx = 0.0000
    N = 14 (0.357)
        WCC positions: 
        [6.5607620453e-06, 6.56088772463e-06, 0.00686181074498, 
        0.00686181079649, 0.131017769515, 0.131017777819, 
        0.634273129922, 0.634273133455, 0.736741373981, 
        0.736741378448, 0.809110566645, 0.809110568341, 
        0.990090297198, 0.990090297901, 0.99705556924, 
        0.997055569272, 0.998008502301, 0.998008502398]
    N = 18 (0.411)
        WCC positions: 
        [0.00657202770374, 0.00657202772961, 0.130775385045, 
        0.13077539227, 0.633028410028, 0.63302841387, 
        0.728088362827, 0.728088367254, 0.808151567945, 
        0.808151569136, 0.989852462975, 0.989852463594, 
        0.997040508713, 0.997040508736, 0.997869146248, 
        0.997869146387, 0.99968260708, 0.999682607184]
    N = 22 (0.482)
        WCC positions: 
        [0.0063922073372, 0.00639220743797, 0.129863985308, 
        0.129863991428, 0.628820211064, 0.628820214553, 
        0.72015984013, 0.720159842854, 0.807679449872, 
        0.80767945049, 0.989447730784, 0.989447731379, 
        0.996985009484, 0.996985009536, 0.997621180693, 
        0.997621180856, 0.999292603518, 0.999292603553]
    N = 26 (0.586)
        WCC positions: 
        [0.00628571024936, 0.00628571039577, 0.128776725493, 
        0.128776730352, 0.622527007179, 0.622527008453, 
        0.713957956137, 0.713957956823, 0.807453236887, 
        0.807453237175, 0.988885509068, 0.988885509435, 
        0.996818890945, 0.996818891153, 0.997374968047, 
        0.997374968139, 0.999025774888, 0.999025774939]
    N = 30 (0.718)
        WCC positions: 
        [0.00622753696719, 0.00622753718157, 0.127947185807, 
        0.127947189623, 0.615978462422, 0.615978464792, 
        0.710104470731, 0.710104471435, 0.807405735337, 
        0.807405735558, 0.988286590501, 0.988286590576, 
        0.996557653481, 0.996557653781, 0.997269350534, 
        0.997269350597, 0.998891376047, 0.998891376118]
    N = 34 (0.785)
        WCC positions: 
        [0.00619548719025, 0.00619548737305, 0.127670260056, 
        0.127670263412, 0.611397579204, 0.611397584098, 
        0.708176092822, 0.7081760936, 0.807489099863, 
        0.807489100055, 0.987851583126, 0.987851583415, 
        0.996367294288, 0.996367294664, 0.997237429624, 
        0.997237429673, 0.998833978903, 0.998833978952]
    N = 38 (0.713)
        WCC positions: 
        [0.00617020760518, 0.00617020779769, 0.127850025925, 
        0.127850029457, 0.60922876791, 0.609228772894, 
        0.707074603189, 0.707074603921, 0.807614229361, 
        0.807614229627, 0.987649141152, 0.987649141473, 
        0.996267759983, 0.996267760308, 0.997225189683, 
        0.997225189744, 0.99881125582, 0.998811255866]
finished!

calculating string at kx = 0.0083
    N = 14 (0.256)
        WCC positions: 
        [0.00196961057249, 0.00657425730229, 0.00746087490727, 
        0.110433205985, 0.150471624202, 0.610149698591, 
        0.65026541846, 0.728308409273, 0.752404608155, 
        0.805218171719, 0.815424711924, 0.987321228538, 
        0.99160936759, 0.996950790126, 0.99713344379, 
        0.997622779571, 0.998194821126, 0.999035995819]
    N = 18 (0.279)
        WCC positions: 
        [0.00239947417101, 0.00635604589829, 0.00733292798664, 
        0.110810452859, 0.149593865216, 0.602119426801, 
        0.652794037664, 0.718879262887, 0.75195987532, 
        0.805342600967, 0.813960967119, 0.986480894701, 
        0.991629029551, 0.9968045314, 0.997125708895, 
        0.997314884534, 0.998213537255, 0.998848695413]
    N = 22 (0.305)
        WCC positions: 
        [0.00255079432903, 0.00624484461745, 0.00724836239772, 
        0.110168036754, 0.148625695472, 0.5919276591, 
        0.653773079967, 0.712307044389, 0.751255862331, 
        0.805614961119, 0.812996464415, 0.985472422114, 
        0.991626793928, 0.996459890104, 0.997109673909, 
        0.997202865207, 0.998217228873, 0.998741537585]
    N = 26 (0.343)
        WCC positions: 
        [0.0025045315081, 0.00617667981693, 0.00718666594598, 
        0.109274374087, 0.147701881041, 0.581921596146, 
        0.653699406087, 0.707944109753, 0.750220197557, 
        0.805799634947, 0.812377601163, 0.984484487836, 
        0.991584888621, 0.996126576415, 0.997098839023, 
        0.997177370087, 0.99821121889, 0.998683750893]
    N = 30 (0.407)
        WCC positions: 
        [0.0023277468035, 0.0061244815411, 0.00712805350631, 
        0.108549915849, 0.146794640514, 0.573411328288, 
        0.652881198749, 0.704972684292, 0.748858652483, 
        0.805886501613, 0.811981114022, 0.983654608528, 
        0.991503424551, 0.995878822067, 0.997092514969, 
        0.997166460023, 0.998197308139, 0.998650031165]
    N = 34 (0.523)
        WCC positions: 
        [0.0020866833055, 0.00608178987018, 0.00707269275462, 
        0.10806806234, 0.145996198321, 0.566549851327, 
        0.651550086083, 0.702871966995, 0.747460531737, 
        0.805900285642, 0.811777073506, 0.983005615451, 
        0.991387683549, 0.995699306204, 0.997086856259, 
        0.997159840861, 0.998177138427, 0.998628518985]
    N = 38 (0.699)
        WCC positions: 
        [0.00183581881891, 0.00605001067727, 0.0070369351517, 
        0.107874637189, 0.145532136273, 0.561582651713, 
        0.649921461949, 0.701552817378, 0.74640349157, 
        0.80587324786, 0.811825235448, 0.982552464116, 
        0.991245268691, 0.995578231522, 0.997080561312, 
        0.997156305825, 0.998153028526, 0.998615271243]
    N = 42 (0.681)
        WCC positions: 
        [0.001654790244, 0.00602995618017, 0.00702099946729, 
        0.108023289638, 0.145529023555, 0.559042517729, 
        0.648641735549, 0.700891684314, 0.745786280344, 
        0.805882700801, 0.812040886734, 0.982339922659, 
        0.991126938151, 0.995514238015, 0.997075211066, 
        0.997155109769, 0.998132902324, 0.998609074242]
finished!

calculating string at kx = 0.0167
    N = 14 (0.135)
        WCC positions: 
        [0.00391312528179, 0.00642615787521, 0.00869933751684, 
        0.0882691594504, 0.177770421314, 0.586954847026, 
        0.660361632631, 0.728061129717, 0.767806266225, 
        0.802423174596, 0.828395842334, 0.983732731656, 
        0.992442884653, 0.996869199362, 0.997205679437, 
        0.997410761953, 0.998254792438, 0.998785606278]
    N = 18 (0.138)
        WCC positions: 
        [0.0046510636946, 0.00626962704324, 0.00984734784998, 
        0.0896211870425, 0.178004981408, 0.577334938067, 
        0.66285960101, 0.720855642587, 0.774375187845, 
        0.803392325458, 0.83024700928, 0.982646556, 0.992442401948, 
        0.996690567846, 0.997136778379, 0.997248173967, 
        0.99828954228, 0.998710320596]
    N = 22 (0.139)
        WCC positions: 
        [0.00496326446078, 0.00619607404219, 0.0113143059955, 
        0.090264249306, 0.178729764515, 0.568694110778, 
        0.664152193399, 0.716505664798, 0.779792018729, 
        0.804332205189, 0.833399671769, 0.981681719033, 
        0.992460291018, 0.996436007469, 0.997084365357, 
        0.997235965138, 0.998310893552, 0.998669305162]
    N = 26 (0.140)
        WCC positions: 
        [0.00509382986493, 0.00615441394846, 0.0128568944366, 
        0.0907456416772, 0.180025230239, 0.562162777462, 
        0.664888720733, 0.713839967227, 0.783842536068, 
        0.805092995686, 0.837544926624, 0.980962778965, 
        0.992481439629, 0.996238576639, 0.99706891951, 
        0.997233152892, 0.998325193278, 0.99864725017]
    N = 30 (0.144)
        WCC positions: 
        [0.00515594799581, 0.00612667098131, 0.0143841583396, 
        0.0912243739704, 0.181774101976, 0.557608972425, 
        0.665373765768, 0.712128616792, 0.786768065593, 
        0.805677251405, 0.842321093426, 0.980479451917, 
        0.992503581589, 0.996103541148, 0.997063331612, 
        0.997231749892, 0.998335516696, 0.998634963562]
    N = 34 (0.152)
        WCC positions: 
        [0.00519138820768, 0.00610707599041, 0.0158846952316, 
        0.091712370067, 0.183866723642, 0.554515085086, 
        0.665742988669, 0.710979671448, 0.788896890388, 
        0.806122402958, 0.84745209009, 0.980168954254, 
        0.992526125366, 0.996011567362, 0.997060916436, 
        0.997231011413, 0.998343473907, 0.998627907304]
    N = 38 (0.166)
        WCC positions: 
        [0.00521496842289, 0.00609275886176, 0.0173692137057, 
        0.0922071398449, 0.186231722284, 0.55240299328, 
        0.666046798691, 0.710177136651, 0.790489176797, 
        0.806465693299, 0.852769524838, 0.979972109523, 
        0.992548093666, 0.995947025995, 0.997059703883, 
        0.997230686754, 0.9983499006, 0.998623775634]
    N = 42 (0.194)
        WCC positions: 
        [0.00523180465026, 0.0060815248148, 0.0188417798004, 
        0.0927098483297, 0.188814700611, 0.550919003609, 
        0.666292055214, 0.7095936592, 0.79171283788, 0.80672913213, 
        0.858153410491, 0.979846879919, 0.992568112191, 
        0.995899653772, 0.997058970141, 0.997230646941, 
        0.998355202789, 0.99862121682]
    N = 46 (0.245)
        WCC positions: 
        [0.00524344662957, 0.0060713952674, 0.0202931696585, 
        0.0932377444994, 0.191582490641, 0.549778187484, 
        0.66645264551, 0.709139152858, 0.792667583688, 
        0.806925105767, 0.863535147113, 0.979762765971, 
        0.992583830989, 0.995861968695, 0.997058317517, 
        0.997230779962, 0.998359466421, 0.998619383781]
    N = 50 (0.356)
        WCC positions: 
        [0.00524910884948, 0.00605975935382, 0.0216835369431, 
        0.0938281809406, 0.194518412674, 0.548653393371, 
        0.666445064242, 0.708728651402, 0.79340072694, 
        0.807047813616, 0.868885383442, 0.979689727016, 
        0.992590044652, 0.995826531044, 0.997057279228, 
        0.997231044524, 0.998362517205, 0.998617283621]
finished!

calculating string at kx = 0.0250
    N = 14 (0.100)
        WCC positions: 
        [0.00601475722107, 0.00690897273615, 0.0185598033434, 
        0.0726652506721, 0.343527958812, 0.590659693773, 
        0.695890458702, 0.736205842492, 0.784063357355, 
        0.802687037843, 0.903698157656, 0.983382990983, 
        0.994504623931, 0.996924035866, 0.997298087655, 
        0.99788109842, 0.998345645333, 0.999068146408]
    N = 18 (0.122)
        WCC positions: 
        [0.00593579789906, 0.0066838126408, 0.0223295742074, 
        0.0756471871076, 0.339052991392, 0.585547631466, 
        0.693558950773, 0.731005728383, 0.788557981737, 
        0.803783065418, 0.909145014092, 0.982716922088, 
        0.994333551235, 0.996893999675, 0.997267896328, 
        0.997655154622, 0.99835617922, 0.998917983409]
    N = 22 (0.144)
        WCC positions: 
        [0.00587845624454, 0.00655353098632, 0.0254301737121, 
        0.0777843842273, 0.336915924519, 0.581661557573, 
        0.691803555578, 0.727789850777, 0.791195693387, 
        0.804698041715, 0.913981121376, 0.982258174181, 
        0.994223668202, 0.996851956523, 0.997231219028, 
        0.997506768638, 0.99836360341, 0.998844833258]
    N = 26 (0.166)
        WCC positions: 
        [0.00583574091551, 0.00647205124784, 0.0278850797692, 
        0.079336781484, 0.335796626449, 0.578960166198, 
        0.690460610644, 0.725750918922, 0.792788476538, 
        0.805353997464, 0.917807993122, 0.981964421844, 
        0.994144557933, 0.996804417067, 0.997195818793, 
        0.99743267826, 0.998368719311, 0.998807965581]
    N = 30 (0.188)
        WCC positions: 
        [0.0058035122851, 0.00641706763466, 0.0298011910658, 
        0.0804915815573, 0.335149826149, 0.577134246892, 
        0.689422096564, 0.724403139058, 0.793797834019, 
        0.805815815488, 0.920725206706, 0.981783845096, 
        0.99408451966, 0.996760386942, 0.997169460493, 
        0.997397153252, 0.998372341323, 0.998787865024]
    N = 34 (0.211)
        WCC positions: 
        [0.00577879543363, 0.00637787363676, 0.0312937716336, 
        0.0813695553081, 0.334718088516, 0.575867514503, 
        0.688604945219, 0.723464678665, 0.794469901543, 
        0.806144870525, 0.922931331234, 0.981670904137, 
        0.994037448181, 0.996723614348, 0.997151732333, 
        0.997378150323, 0.998374991741, 0.998775837045]
finished!

calculating string at kx = 0.0333
    N = 14 (0.389)
        WCC positions: 
        [0.00597252431143, 0.00721647429684, 0.019340320494, 
        0.0514397046806, 0.399166174385, 0.582277274382, 
        0.71427923234, 0.738280282504, 0.785100134336, 
        0.801797732542, 0.913078597562, 0.98016702925, 
        0.99522048701, 0.996923673483, 0.997324820912, 
        0.998076051118, 0.99836169614, 0.999180653822]
    N = 18 (0.429)
        WCC positions: 
        [0.0059072681062, 0.00699728437729, 0.0220818017874, 
        0.0539307595993, 0.392933143409, 0.578266223366, 
        0.711115952617, 0.733948362586, 0.788778600715, 
        0.802701941344, 0.916178761409, 0.979583338401, 
        0.99508023585, 0.99690438739, 0.997296757697, 
        0.997925618541, 0.998365822917, 0.999003208983]
    N = 22 (0.464)
        WCC positions: 
        [0.0058712318206, 0.00686119169121, 0.0241252994601, 
        0.0556660934223, 0.388903829404, 0.575507067979, 
        0.708920082272, 0.731312929886, 0.790942325847, 
        0.803405231143, 0.918680610464, 0.979238228359, 
        0.99498021505, 0.996890032315, 0.997271511674, 
        0.99780786703, 0.998369375097, 0.998914525505]
    N = 26 (0.496)
        WCC positions: 
        [0.00584920581493, 0.00677231481883, 0.0256315712156, 
        0.0569049071853, 0.38615601448, 0.573688096401, 
        0.70733225443, 0.729687911203, 0.792264736565, 
        0.803906822987, 0.920576639914, 0.979041990112, 
        0.994906264902, 0.996878472003, 0.997250603893, 
        0.997729598486, 0.998371986974, 0.998869312451]
    N = 30 (0.525)
        WCC positions: 
        [0.00583461008912, 0.00671169584507, 0.0267443198316, 
        0.0578178805915, 0.38418736441, 0.572491386624, 
        0.706156324054, 0.728650863279, 0.79311291834, 
        0.804265103916, 0.921984306639, 0.978933249207, 
        0.994850375884, 0.996869152463, 0.997234360677, 
        0.997679264951, 0.998373899013, 0.998844483845]
finished!

calculating string at kx = 0.0417
    N = 14 (0.445)
        WCC positions: 
        [0.00591926645922, 0.00733848080479, 0.0167144701181, 
        0.0354646954251, 0.417230634555, 0.572844530895, 
        0.725586232072, 0.739513287663, 0.784126735138, 
        0.80141478765, 0.907894678874, 0.975220998954, 
        0.995535155474, 0.996949565247, 0.997328498216, 
        0.998173183786, 0.998377001332, 0.999160457552]
    N = 18 (0.514)
        WCC positions: 
        [0.00586959303949, 0.00716741775844, 0.0186970345681, 
        0.0373032210986, 0.412334704858, 0.569563189065, 
        0.722767867398, 0.736050959976, 0.787333119938, 
        0.802077831988, 0.910440253932, 0.974753732399, 
        0.99544202907, 0.996926592711, 0.997302265872, 
        0.998088967563, 0.998375244143, 0.999006752478]
    N = 22 (0.570)
        WCC positions: 
        [0.00584369312891, 0.00706386627986, 0.0201155233924, 
        0.0385162860022, 0.409237571163, 0.567443853018, 
        0.720874165663, 0.734022469158, 0.789252799794, 
        0.802547849825, 0.912393439061, 0.97450501649, 
        0.995372773544, 0.996914539279, 0.997281308413, 
        0.998018975457, 0.998375524402, 0.998925365532]
    N = 26 (0.617)
        WCC positions: 
        [0.00582890966024, 0.00699708990494, 0.0211270302269, 
        0.0393541959075, 0.407154296746, 0.566088006121, 
        0.719537680636, 0.732803157663, 0.790453169456, 
        0.802869116984, 0.913827511725, 0.974377405112, 
        0.995321451749, 0.996907237443, 0.997265636979, 
        0.997968620937, 0.998376197242, 0.998882070527]
finished!

calculating string at kx = 0.0500
    N = 14 (0.497)
        WCC positions: 
        [0.00587783197806, 0.00742811310111, 0.0145223958516, 
        0.0255108267509, 0.430742551666, 0.565247190962, 
        0.733821033227, 0.741892951775, 0.783125606975, 
        0.801732116079, 0.903550468116, 0.969376715742, 
        0.995717267767, 0.997003904959, 0.997326601461, 
        0.998206983146, 0.998397495236, 0.99912108613]
    N = 18 (0.562)
        WCC positions: 
        [0.00584302746657, 0.00730255124014, 0.015877932511, 
        0.0268438993037, 0.426848207058, 0.562632285284, 
        0.731455710236, 0.739226209377, 0.785722177748, 
        0.802188708825, 0.905458966049, 0.969067759444, 
        0.995667283537, 0.996972633745, 0.997302466639, 
        0.998171414377, 0.998391850526, 0.999009283772]
    N = 22 (0.615)
        WCC positions: 
        [0.0058246969839, 0.00722891218274, 0.016817078509, 
        0.0276775201287, 0.424443253384, 0.561012679381, 
        0.72992326337, 0.737693047417, 0.787289372087, 
        0.802487350452, 0.906877564419, 0.968919948462, 
        0.995626370927, 0.996956455388, 0.997285268833, 
        0.998141069463, 0.998388643087, 0.99894418901]
finished!

calculating string at kx = 0.0583
    N = 14 (0.551)
        WCC positions: 
        [0.00583994036829, 0.00747891070197, 0.012879048626, 
        0.0193579183825, 0.442204793713, 0.55924090415, 
        0.740222772931, 0.744781340942, 0.782526028653, 
        0.802417640464, 0.900497401832, 0.963098043917, 
        0.995817329112, 0.997088535899, 0.997325309456, 
        0.998199426246, 0.998412182233, 0.999070640677]
    N = 18 (0.613)
        WCC positions: 
        [0.00581865513937, 0.0073946598769, 0.0137893237231, 
        0.0202907855295, 0.439022024501, 0.557146653071, 
        0.73831210939, 0.742730553183, 0.784517980625, 
        0.802729166169, 0.901836553174, 0.962918762776, 
        0.995802034029, 0.997053235227, 0.997301833527, 
        0.998188380288, 0.998409714999, 0.99900279866]
    N = 22 (0.664)
        WCC positions: 
        [0.00580709637742, 0.00734690329941, 0.0144027533302, 
        0.0208542604674, 0.437099467943, 0.555893882917, 
        0.737113940186, 0.74156531912, 0.785716223404, 
        0.802920279304, 0.90281360929, 0.962848711655, 
        0.995784256073, 0.99703360495, 0.997286845747, 
        0.998179374993, 0.998407303157, 0.998958878345]
    N = 26 (0.707)
        WCC positions: 
        [0.00580024854141, 0.00731708435649, 0.0148215492126, 
        0.0212167942763, 0.435848204464, 0.555125674743, 
        0.736317388187, 0.740865116564, 0.786474990576, 
        0.803038584606, 0.90350144979, 0.962830939509, 
        0.99576920093, 0.997021687846, 0.997277196655, 
        0.998172647033, 0.998405470894, 0.998932212228]
finished!

calculating string at kx = 0.0667
    N = 14 (0.598)
        WCC positions: 
        [0.00580688375432, 0.00747315573746, 0.0116688659216, 
        0.0156694580619, 0.451837582559, 0.554356131248, 
        0.744847158929, 0.748082640141, 0.782472749355, 
        0.803305301021, 0.898356483738, 0.956824611789, 
        0.995857021103, 0.997172999552, 0.997340928331, 
        0.998158566466, 0.998416163404, 0.999004153909]
    N = 18 (0.659)
        WCC positions: 
        [0.005796355892, 0.00742820775837, 0.012267988353, 
        0.0163057890247, 0.449189900541, 0.552650587083, 
        0.743347287621, 0.746506913204, 0.783928137376, 
        0.803521391992, 0.899248684974, 0.956720272043, 
        0.995864971773, 0.997147334963, 0.997311615729, 
        0.998161669596, 0.998417729207, 0.998973497948]
finished!

calculating string at kx = 0.0750
    N = 14 (0.638)
        WCC positions: 
        [0.00578511479773, 0.00739902455276, 0.0108120473427, 
        0.0135500781039, 0.459846414439, 0.550263265391, 
        0.747927580324, 0.75159461147, 0.782990536874, 
        0.804298136068, 0.89683765861, 0.950870021138, 
        0.995858939565, 0.997197788277, 0.997409508153, 
        0.998083040872, 0.998415897269, 0.998931968072]
    N = 18 (0.698)
        WCC positions: 
        [0.00578147855282, 0.00739027276202, 0.0111884227441, 
        0.0139819037209, 0.457615866339, 0.548847389014, 
        0.746748544832, 0.750420447124, 0.783998063123, 
        0.804454050287, 0.897392769262, 0.950791762868, 
        0.995880230214, 0.997190259116, 0.997372997944, 
        0.998099154934, 0.99841847126, 0.998925610048]
finished!

calculating string at kx = 0.0833
    N = 14 (0.671)
        WCC positions: 
        [0.00578288537254, 0.00727151891209, 0.0102745745971, 
        0.0123703173318, 0.466474909671, 0.546748029527, 
        0.750253914788, 0.754669005276, 0.784019745397, 
        0.805333641189, 0.895740318388, 0.9453859038, 
        0.995840958724, 0.99716524268, 0.997506860504, 
        0.997980014293, 0.998419757844, 0.998868539938]
    N = 18 (0.731)
        WCC positions: 
        [0.00578208237326, 0.00728841436588, 0.0104956246201, 
        0.0126679114226, 0.464580035444, 0.545550789818, 
        0.7493198618, 0.753825790434, 0.784674323821, 
        0.805453732099, 0.896047207082, 0.945301978919, 
        0.995869255101, 0.997167921572, 0.997476536824, 
        0.998006906035, 0.998420722243, 0.998873879572]
finished!

calculating string at kx = 0.0917
    N = 14 (0.700)
        WCC positions: 
        [0.00580806901584, 0.00713971208109, 0.0100025173112, 
        0.0117177683061, 0.471967607, 0.543666358941, 
        0.752213444387, 0.757130353135, 0.785440001944, 
        0.806371501746, 0.894932038401, 0.940409723021, 
        0.995814621877, 0.997096979699, 0.997593087678, 
        0.997875056436, 0.998431355536, 0.998819678272]
    N = 18 (0.758)
        WCC positions: 
        [0.00580678212788, 0.00716530926987, 0.010127007537, 
        0.0119268766222, 0.470344130929, 0.542636053873, 
        0.751465121582, 0.756543751684, 0.785834992745, 
        0.806471285482, 0.895055775848, 0.940302459197, 
        0.995846150363, 0.997110052372, 0.99757372044, 
        0.997904477557, 0.998429967827, 0.998828924105]
finished!

calculating string at kx = 0.1000
    N = 14 (0.724)
        WCC positions: 
        [0.00586596662956, 0.00705273552891, 0.00991131914723, 
        0.0113620038053, 0.476527020678, 0.540918682565, 
        0.75393700539, 0.75907480115, 0.787110042164, 
        0.807386572744, 0.894317496829, 0.935920680025, 
        0.995786371944, 0.996997927554, 0.997643207882, 
        0.997806524334, 0.998450432197, 0.99878344346]
    N = 18 (0.781)
        WCC positions: 
        [0.00586225195971, 0.00707422573466, 0.00998174568794, 
        0.0115118231593, 0.475127509113, 0.540017807816, 
        0.753330366137, 0.758675051186, 0.787328304965, 
        0.807476017712, 0.894307499182, 0.935782087574, 
        0.995819005563, 0.997022744099, 0.997640560693, 
        0.997824654945, 0.998447165734, 0.998793235437]
finished!

calculating string at kx = 0.1083
    N = 14 (0.745)
        WCC positions: 
        [0.00595876915256, 0.00703160150858, 0.00992927404805, 
        0.0111839151663, 0.480325490571, 0.53843416582, 
        0.755489558491, 0.760643670933, 0.788902367741, 
        0.808363273718, 0.893831532404, 0.931872405323, 
        0.995759571522, 0.996876009433, 0.997635146475, 
        0.997805750291, 0.998474949422, 0.998755959947]
    N = 18 (0.801)
        WCC positions: 
        [0.00595172017731, 0.00704441073932, 0.00997064270755, 
        0.01129321948, 0.479110884436, 0.537635377534, 
        0.754991209267, 0.760373925026, 0.78900979721, 
        0.808449250311, 0.893723505647, 0.931700147853, 
        0.995792204112, 0.996911131934, 0.997649633484, 
        0.997806847639, 0.998470883326, 0.998765159454]
finished!

calculating string at kx = 0.1167
    N = 14 (0.762)
        WCC positions: 
        [0.00608567648432, 0.00707584331616, 0.0100122883835, 
        0.0111201663204, 0.483501647436, 0.536160997306, 
        0.75691261528, 0.761956465813, 0.790722226805, 
        0.809293601805, 0.893429954997, 0.928213011199, 
        0.995735821019, 0.996743777338, 0.997605779731, 
        0.99783526642, 0.998502358493, 0.998734065483]
    N = 18 (0.817)
        WCC positions: 
        [0.00607533774463, 0.00708002035195, 0.0100376506806, 
        0.0112013404573, 0.482441120166, 0.535444137532, 
        0.75649810796, 0.761774290333, 0.790765659075, 
        0.809380631293, 0.893250028578, 0.928007886201, 
        0.995767803788, 0.996785662061, 0.997621424497, 
        0.99783359865, 0.998498512859, 0.998742494695]
finished!

calculating string at kx = 0.1250
    N = 14 (0.778)
        WCC positions: 
        [0.00624406798376, 0.00717641002444, 0.0101361530606, 
        0.0111340691712, 0.486162793872, 0.534059308735, 
        0.758234316098, 0.763101678146, 0.792507343959, 
        0.81017319476, 0.893079581951, 0.924891023253, 
        0.995715618516, 0.996612192846, 0.997582451492, 
        0.997863778233, 0.998530042628, 0.998715998723]
    N = 18 (0.831)
        WCC positions: 
        [0.0062309272024, 0.00717363666643, 0.0101522620607, 
        0.0111953887105, 0.485230752439, 0.533410485907, 
        0.757885315932, 0.762977783301, 0.792518327145, 
        0.810264532911, 0.892846734983, 0.924656878612, 
        0.995746623325, 0.996657346958, 0.997595136123, 
        0.997863468163, 0.998527167325, 0.998723713798]
finished!

calculating string at kx = 0.1333
    N = 14 (0.792)
        WCC positions: 
        [0.00643066276925, 0.00732333682475, 0.0102867314451, 
        0.0112032745758, 0.488397691779, 0.53210025019, 
        0.759476639958, 0.764137355351, 0.794222394468, 
        0.81100107994, 0.892759571091, 0.921862798716, 
        0.995698863173, 0.996487825692, 0.997567488483, 
        0.997886175774, 0.998555615683, 0.998700953549]
    N = 18 (0.843)
        WCC positions: 
        [0.00641536472903, 0.00731543814963, 0.0102972864313, 
        0.0112504035091, 0.487575671153, 0.531507458457, 
        0.759179579906, 0.764052408728, 0.794220744773, 
        0.81109856321, 0.892488710334, 0.921601838193, 
        0.995728785366, 0.996533702518, 0.997577473437, 
        0.997887307235, 0.998554254959, 0.998707964608]
finished!

calculating string at kx = 0.1417
    N = 14 (0.803)
        WCC positions: 
        [0.00664199118586, 0.0075080745859, 0.0104558567547, 
        0.0113130747345, 0.490274580851, 0.530261054568, 
        0.760655669851, 0.765100924009, 0.795850107316, 
        0.811778000331, 0.892453076931, 0.919089244288, 
        0.995685151623, 0.996373510962, 0.997559247352, 
        0.997902902862, 0.99857683753, 0.998688936497]
    N = 18 (0.853)
        WCC positions: 
        [0.00662511784855, 0.00749661869335, 0.0104628900562, 
        0.0113498227721, 0.489544027888, 0.529715605164, 
        0.760400196759, 0.765042209757, 0.795847385634, 
        0.811882586163, 0.892153177196, 0.918804767181, 
        0.995713928864, 0.996418644296, 0.997567231792, 
        0.997905022547, 0.998577205573, 0.998695307414]
finished!

calculating string at kx = 0.1500
    N = 14 (0.814)
        WCC positions: 
        [0.00687488280401, 0.00772344270657, 0.0106384866181, 
        0.011453417463, 0.491850912644, 0.528523243465, 
        0.76178291511, 0.766016079509, 0.79738329322, 
        0.812505012645, 0.892150382577, 0.916536776459, 
        0.995673930127, 0.996269862541, 0.997556077042, 
        0.997915214953, 0.998591464406, 0.99868093747]
    N = 18 (0.862)
        WCC positions: 
        [0.00685693881465, 0.00770981660448, 0.0106432882457, 
        0.0114824092528, 0.491198519945, 0.528018764895, 
        0.761561428634, 0.765975123924, 0.79738677039, 
        0.812617539627, 0.891829303118, 0.916232424615, 
        0.995701608934, 0.996313448776, 0.99756258646, 
        0.997917921416, 0.998593617433, 0.99868671459]
finished!

calculating string at kx = 0.1583
    N = 14 (0.823)
        WCC positions: 
        [0.00712619612718, 0.00796388813626, 0.0108311920865, 
        0.0116170667523, 0.493171965674, 0.52687326937, 
        0.762867038269, 0.766896966398, 0.798821660396, 
        0.813184116864, 0.89184461982, 0.914178485743, 
        0.995664575519, 0.996176486055, 0.997556780995, 
        0.997924249925, 0.998597491197, 0.998678209595]
    N = 18 (0.870)
        WCC positions: 
        [0.00710769152274, 0.00794896030875, 0.0108345118472, 
        0.0116402887522, 0.492584349963, 0.526403840057, 
        0.762673571313, 0.766868400158, 0.798835178577, 
        0.81330483539, 0.891505864439, 0.913856334659, 
        0.995691182283, 0.996218176341, 0.99756223708, 
        0.997927236939, 0.998601090753, 0.998683645596]
finished!

calculating string at kx = 0.1667
    N = 14 (0.831)
        WCC positions: 
        [0.00739318538721, 0.0082247763225, 0.0110316778567, 
        0.0117988174742, 0.494273897583, 0.525299961586, 
        0.763914088017, 0.767752303729, 0.800168413401, 
        0.81381740879, 0.891530400197, 0.911991239544, 
        0.995656430297, 0.996092430219, 0.99756052137, 
        0.997930892763, 0.998595089324, 0.998680247991]
    N = 18 (0.877)
        WCC positions: 
        [0.00737446944885, 0.0082092598067, 0.0110340238569, 
        0.0118175243318, 0.493742472182, 0.524861207427, 
        0.763743507159, 0.767732426335, 0.800194024236, 
        0.813946384476, 0.891178615751, 0.911653822946, 
        0.995682066944, 0.996132098728, 0.997565218531, 
        0.997933991271, 0.998599528976, 0.998685829074]
finished!

calculating string at kx = 0.1750
    N = 14 (0.839)
        WCC positions: 
        [0.00767333762109, 0.00850237185662, 0.0112382654961, 
        0.0119946135412, 0.49518664168, 0.523794044986, 
        0.76492823835, 0.768586832438, 0.801428018332, 
        0.814406417836, 0.891204411106, 0.909955481126, 
        0.995648867269, 0.996016688815, 0.997566636025, 
        0.997935797201, 0.998586952228, 0.998684296739]
    N = 18 (0.883)
        WCC positions: 
        [0.00765473366083, 0.00848675809551, 0.0112399341939, 
        0.0120098518581, 0.49470371588, 0.523382723254, 
        0.764776802816, 0.768573369297, 0.801466647127, 
        0.81454377615, 0.89084274271, 0.909605256067, 
        0.995673648174, 0.996054388253, 0.997570782597, 
        0.997938915563, 0.99859169563, 0.998690417009]
finished!

calculating string at kx = 0.1833
    N = 14 (0.845)
        WCC positions: 
        [0.00796425753836, 0.00879353423037, 0.0114496560119, 
        0.012201495888, 0.495936906757, 0.522349345761, 
        0.765912951065, 0.76940317624, 0.802606005686, 
        0.814953273426, 0.89086629906, 0.908055832481, 
        0.995641343397, 0.995948342394, 0.99757468623, 
        0.99793946948, 0.998575654852, 0.998687912467]
    N = 18 (0.888)
        WCC positions: 
        [0.00794600695847, 0.00877824255123, 0.0114509062688, 
        0.0122139442158, 0.495496053641, 0.521962643034, 
        0.765777799888, 0.769394655337, 0.802657722183, 
        0.815098946426, 0.890496909289, 0.907694541196, 
        0.995665392495, 0.995984042873, 0.997578393877, 
        0.997942535935, 0.998580411194, 0.99869467306]
finished!

calculating string at kx = 0.1917
    N = 14 (0.851)
        WCC positions: 
        [0.00826381524436, 0.0090956025698, 0.0116647722322, 
        0.0124170897878, 0.496546775079, 0.520960756608, 
        0.766870310016, 0.770202487523, 0.803707638458, 
        0.815459661917, 0.890516417689, 0.906279423609, 
        0.995633269895, 0.995886561393, 0.997584259824, 
        0.99794226764, 0.99856268082, 0.998689807424]
    N = 18 (0.893)
        WCC positions: 
        [0.00824606639593, 0.00908088765234, 0.0116658046247, 
        0.0124272853829, 0.496142055598, 0.520596066737, 
        0.766748934861, 0.770197649645, 0.803772316904, 
        0.815613407722, 0.89014048344, 0.905908468209, 
        0.995656731443, 0.995920341087, 0.997587650332, 
        0.99794523489, 0.998567345195, 0.998697201239]
finished!

calculating string at kx = 0.2000
    N = 14 (0.856)
        WCC positions: 
        [0.00856993568664, 0.00940616607029, 0.0118827947963, 
        0.0126395337838, 0.497034547445, 0.519624091752, 
        0.767801551154, 0.770985000117, 0.804738389454, 
        0.815927319708, 0.890155175674, 0.904615175404, 
        0.995623975094, 0.995830768612, 0.9975950395, 
        0.997944439712, 0.998548777387, 0.998689411174]
    N = 18 (0.897)
        WCC positions: 
        [0.0085529295305, 0.00939224861853, 0.0118836891447, 
        0.0126479383502, 0.49666116632, 0.519279073243, 
        0.767692029725, 0.770982934184, 0.804815595988, 
        0.816088945706, 0.889773780927, 0.904235636038, 
        0.995647011561, 0.995862727517, 0.997598172239, 
        0.997947270148, 0.998553329903, 0.998697334538]
finished!

calculating string at kx = 0.2083
    N = 14 (0.861)
        WCC positions: 
        [0.00888061187816, 0.00972301587292, 0.0121030538799, 
        0.0128674436564, 0.49741522326, 0.518334971664, 
        0.768707714567, 0.771750491132, 0.805702766791, 
        0.816357566521, 0.889783260024, 0.903052881887, 
        0.995612752481, 0.99578069044, 0.997606684512, 
        0.997946145671, 0.998534345745, 0.998686705073]
    N = 18 (0.900)
        WCC positions: 
        [0.00886443993415, 0.0097100899877, 0.0121038329626, 
        0.012874410859, 0.49706966068, 0.518008288787, 
        0.768608449256, 0.771750469555, 0.805791950468, 
        0.816526762904, 0.889397596355, 0.902666295999, 
        0.995635604414, 0.995810784789, 0.997609680921, 
        0.997948856465, 0.998538754746, 0.998695038723]
finished!

calculating string at kx = 0.2167
    N = 14 (0.865)
        WCC positions: 
        [0.00919403395729, 0.0100442526303, 0.012324912852, 
        0.013099703509, 0.49770296088, 0.517091007744, 
        0.769589271412, 0.772498267746, 0.806605317402, 
        0.816751781104, 0.889402517569, 0.901584771315, 
        0.995598682637, 0.995736413223, 0.997619005971, 
        0.997947475232, 0.99851962629, 0.998681774634]
    N = 18 (0.904)
        WCC positions: 
        [0.00917884213775, 0.010032414626, 0.012325703699, 
        0.013105431507, 0.497381858563, 0.516781090998, 
        0.769499026964, 0.772499953645, 0.806706047251, 
        0.816928455455, 0.889013223471, 0.901192030899, 
        0.995621585997, 0.995764557939, 0.997621898892, 
        0.997950080758, 0.998523874153, 0.998690407231]
finished!

calculating string at kx = 0.2250
    N = 14 (0.869)
        WCC positions: 
        [0.0095084480485, 0.010367908354, 0.012547860241, 
        0.0133353954127, 0.497909634038, 0.515890242936, 
        0.770446523179, 0.773227850692, 0.807450246811, 
        0.817111636756, 0.88901481192, 0.900204181127, 
        0.995580655326, 0.995698329583, 0.997631765344, 
        0.997948517125, 0.998504805506, 0.998674694088]
    N = 18 (0.907)
        WCC positions: 
        [0.00949429998372, 0.0103572281305, 0.0125486824435, 
        0.0133401633084, 0.497609691822, 0.515595559427, 
        0.770364297453, 0.773230997859, 0.807561702448, 
        0.817295323596, 0.888621977523, 0.899805909641, 
        0.995603919489, 0.995724436967, 0.997634538455, 
        0.997951044714, 0.99850889434, 0.998683565895]
finished!

calculating string at kx = 0.2333
    N = 14 (0.873)
        WCC positions: 
        [0.00982219710052, 0.0106922024004, 0.0127715266741, 
        0.0135738277276, 0.498045630494, 0.514730424169, 
        0.771279620293, 0.773938506334, 0.808241062031, 
        0.817438241287, 0.888622100042, 0.898904795754, 
        0.995557856628, 0.995666664005, 0.99764473418, 
        0.997949353704, 0.998490004778, 0.99866571761]
    N = 18 (0.909)
        WCC positions: 
        [0.00980918063482, 0.010682738018, 0.0127724116835, 
        0.0135777927844, 0.497764300967, 0.514449791646, 
        0.771204315533, 0.773942690113, 0.808362812779, 
        0.817628770161, 0.888225984884, 0.898501648534, 
        0.995581695328, 0.995690730853, 0.997647418156, 
        0.997951811375, 0.998493972765, 0.998674696538]
finished!

calculating string at kx = 0.2417
    N = 14 (0.876)
        WCC positions: 
        [0.0101337103346, 0.0110154017858, 0.0129958688481, 
        0.0138145532374, 0.498121070964, 0.513610753322, 
        0.772088266655, 0.774629818595, 0.808981200183, 
        0.817733070338, 0.888227185942, 0.897681918698, 
        0.995530645839, 0.995640686445, 0.997657714249, 
        0.997949958523, 0.998475335946, 0.998655113923]
    N = 18 (0.912)
        WCC positions: 
        [0.0101218391645, 0.0110071726075, 0.0129968587668, 
        0.013817792348, 0.49785595733, 0.513343102899, 
        0.772019118934, 0.774634661352, 0.809112594045, 
        0.817929992472, 0.887827790524, 0.897274524465, 
        0.995554930621, 0.995662982616, 0.99766037057, 
        0.997952374159, 0.99847919618, 0.998664072398]
finished!

calculating string at kx = 0.2500
    N = 14 (0.879)
        WCC positions: 
        [0.0104414846847, 0.0113357155515, 0.0132206991424, 
        0.014056811972, 0.498142983919, 0.512529377911, 
        0.772872426457, 0.775300657781, 0.80967336755, 
        0.817997097742, 0.887831133749, 0.896530465551, 
        0.995500405516, 0.995618680855, 0.997670579444, 
        0.997950373778, 0.998460962845, 0.998642962631]
    N = 18 (0.914)
        WCC positions: 
        [0.0104308233921, 0.0113286914751, 0.013221826939, 
        0.0140595561363, 0.497892683738, 0.5122735894, 
        0.772808944555, 0.775306132464, 0.809814127547, 
        0.818200272708, 0.887429088064, 0.896119071324, 
        0.995524807942, 0.995639622645, 0.997673219402, 
        0.997952729417, 0.998464684107, 0.998651947897]
finished!

calculating string at kx = 0.2583
    N = 14 (0.881)
        WCC positions: 
        [0.0107442763621, 0.0116512392025, 0.0134460989578, 
        0.0143002621142, 0.498119581678, 0.511485210592, 
        0.773631995989, 0.77595057136, 0.810320746946, 
        0.818231903904, 0.887436804567, 0.895446051204, 
        0.99546867372, 0.995598816789, 0.997683155943, 
        0.997950547512, 0.99844692395, 0.99862967839]
    N = 18 (0.916)
        WCC positions: 
        [0.0107348210494, 0.0116454775106, 0.0134474709585, 
        0.0143026127628, 0.497882360696, 0.511240695537, 
        0.773573624386, 0.77595670511, 0.810469932135, 
        0.818440724423, 0.887032157327, 0.8950314951, 
        0.995492948917, 0.995618798963, 0.997685804497, 
        0.997952868821, 0.998450527172, 0.9986385415]
finished!

calculating string at kx = 0.2667
    N = 14 (0.884)
        WCC positions: 
        [0.0110409274794, 0.0119601495583, 0.0136724276964, 
        0.0145442939597, 0.498057349234, 0.510477420245, 
        0.774366902202, 0.776579185084, 0.810925544362, 
        0.818438550077, 0.887046060145, 0.894425030057, 
        0.995436649707, 0.99557975695, 0.997695283708, 
        0.997950486097, 0.998433389904, 0.998615386488]
    N = 18 (0.918)
        WCC positions: 
        [0.0110326852026, 0.0119556306656, 0.0136739144713, 
        0.0145463629896, 0.497831795552, 0.510243369451, 
        0.77431315913, 0.776585764112, 0.811082938868, 
        0.81865292045, 0.886638984587, 0.894007678173, 
        0.995460612037, 0.995599095547, 0.997697979708, 
        0.997952805163, 0.998436838242, 0.998624098344]
finished!

calculating string at kx = 0.2750
    N = 14 (0.886)
        WCC positions: 
        [0.011330343728, 0.0122606404796, 0.0138999592665, 
        0.0147884092052, 0.497962258145, 0.509505488596, 
        0.775077002072, 0.777186102102, 0.811490362662, 
        0.818618598743, 0.886660811687, 0.893464026141, 
        0.995404943209, 0.995560734829, 0.997706896867, 
        0.997950145084, 0.998420382884, 0.998600357587]
    N = 18 (0.919)
        WCC positions: 
        [0.0113232688774, 0.0122573207181, 0.0139015461347, 
        0.0147903111358, 0.497747339283, 0.509281298074, 
        0.775027314503, 0.777192800503, 0.811655361358, 
        0.818838008689, 0.886251712705, 0.893044465858, 
        0.995428505622, 0.995579625722, 0.99770963791, 
        0.997952488607, 0.998423699022, 0.99860889187]
finished!

calculating string at kx = 0.2833
    N = 14 (0.888)
        WCC positions: 
        [0.0116116734159, 0.0125508273036, 0.0141291889377, 
        0.015031940108, 0.497840456046, 0.50856956926, 
        0.775761759874, 0.777770506312, 0.812017453193, 
        0.818773411378, 0.886283579995, 0.892560675483, 
        0.995373997074, 0.995541349394, 0.997717854039, 
        0.997949492842, 0.9984080657, 0.998584726466]
    N = 18 (0.921)
        WCC positions: 
        [0.0116057434412, 0.0125486799819, 0.0141308858797, 
        0.0150339110596, 0.497634997399, 0.50835423323, 
        0.775716016214, 0.777777468726, 0.812189549583, 
        0.81899751375, 0.88587239199, 0.892138838091, 
        0.995397136282, 0.995559895432, 0.997720659507, 
        0.997951895816, 0.99841119555, 0.998593085531]
finished!

calculating string at kx = 0.2917
    N = 14 (0.890)
        WCC positions: 
        [0.0118841999774, 0.0128288510103, 0.014360427242, 
        0.015274353875, 0.497695652537, 0.507667423881, 
        0.776421578015, 0.778332474016, 0.812508473047, 
        0.818903910039, 0.885915177976, 0.891710697197, 
        0.995343930816, 0.995521387602, 0.997728111959, 
        0.997948474106, 0.998396459688, 0.99856884184]
    N = 18 (0.922)
        WCC positions: 
        [0.0118793308154, 0.0128278512667, 0.0143623538735, 
        0.0152763781196, 0.49749897983, 0.507460646247, 
        0.776379397378, 0.778339630964, 0.812687394466, 
        0.819132519075, 0.885502155631, 0.891287042046, 
        0.995366649708, 0.995539676375, 0.997731002436, 
        0.997950940116, 0.998399441136, 0.998576920713]
finished!

calculating string at kx = 0.3000
    N = 14 (0.892)
        WCC positions: 
        [0.0121472882942, 0.0130931523535, 0.0145942182764, 
        0.0155148019401, 0.497533133889, 0.506799501359, 
        0.777056215061, 0.778871687542, 0.812965660884, 
        0.819011757962, 0.885557627712, 0.890911939128, 
        0.995314927019, 0.995500724397, 0.997737578269, 
        0.997947069, 0.998385648596, 0.998552825826]
    N = 18 (0.924)
        WCC positions: 
        [0.0121434880447, 0.0130932151581, 0.0145964220482, 
        0.0155170415842, 0.497344143416, 0.506600269276, 
        0.777017300363, 0.778878988305, 0.813150930078, 
        0.819244374611, 0.885142801317, 0.8904864935, 
        0.995337219663, 0.995518797747, 0.997740563697, 
        0.997949618818, 0.998388483611, 0.998560604025]
finished!

calculating string at kx = 0.3083
    N = 14 (0.894)
        WCC positions: 
        [0.0124006239843, 0.0133425041619, 0.0148306087181, 
        0.0157525572755, 0.497356909123, 0.50596510203, 
        0.777665409097, 0.779387795797, 0.813390845576, 
        0.819098245452, 0.885212354928, 0.890161701071, 
        0.995286998135, 0.995479381696, 0.997746206813, 
        0.997945247556, 0.998375691543, 0.998536847373]
    N = 18 (0.925)
        WCC positions: 
        [0.0123976969535, 0.013343557882, 0.0148330769351, 
        0.0157551570773, 0.49717490728, 0.505772993546, 
        0.777629513071, 0.779395169164, 0.813582089561, 
        0.819334559727, 0.884795833457, 0.889734727514, 
        0.995308908185, 0.995497327656, 0.997749302561, 
        0.997947901931, 0.998378384657, 0.998544341229]
finished!

calculating string at kx = 0.3167
    N = 14 (0.896)
        WCC positions: 
        [0.0126437554435, 0.0135760872933, 0.0150693577895, 
        0.0159867928151, 0.497170774578, 0.505163862516, 
        0.778249393405, 0.779880824798, 0.813785927575, 
        0.819164853409, 0.884880637628, 0.889457539122, 
        0.995260206207, 0.995457446903, 0.997753995768, 
        0.997942952651, 0.998366634238, 0.99852114687]
    N = 18 (0.926)
        WCC positions: 
        [0.0126417702121, 0.0135779294057, 0.015072222291, 
        0.0159897742512, 0.496995262704, 0.504978514447, 
        0.778216180033, 0.779888051307, 0.813982760223, 
        0.819404504371, 0.884462692364, 0.889029409506, 
        0.995281781617, 0.99547521127, 0.997757175208, 
        0.997945720289, 0.998369193068, 0.998528283763]
finished!

calculating string at kx = 0.3250
    N = 14 (0.897)
        WCC positions: 
        [0.0128766081104, 0.013793397253, 0.0153098953183, 
        0.0162166454771, 0.496978318014, 0.504395631372, 
        0.778807992516, 0.780350536218, 0.814152715188, 
        0.819212949319, 0.884563734374, 0.888797307877, 
        0.995234661667, 0.995434882905, 0.997760904634, 
        0.997940168096, 0.998358546412, 0.998505777224]
    N = 18 (0.928)
        WCC positions: 
        [0.0128754683941, 0.0137959494443, 0.0153131869656, 
        0.0162200296102, 0.496808454927, 0.504216262573, 
        0.77877723998, 0.780357523471, 0.81435472217, 
        0.819455562042, 0.884144312267, 0.888368014691, 
        0.995255849666, 0.995452537833, 0.997764200306, 
        0.997943076756, 0.998360913919, 0.998512587562]
finished!

calculating string at kx = 0.3333
    N = 14 (0.899)
        WCC positions: 
        [0.0130990790654, 0.0139945532438, 0.0155511787101, 
        0.0164411338941, 0.49678259434, 0.503659583925, 
        0.779341281776, 0.780796814273, 0.814492880228, 
        0.819243723218, 0.884262669709, 0.888178614273, 
        0.995210329262, 0.995411856005, 0.997766948182, 
        0.997936891699, 0.998351388344, 0.998490945673]
    N = 18 (0.929)
        WCC positions: 
        [0.0130986866468, 0.0139977547321, 0.0155550021218, 
        0.0164450755116, 0.496618014611, 0.503486048772, 
        0.779312824899, 0.780803557803, 0.81469984975, 
        0.819489271027, 0.883841902466, 0.887748433665, 
        0.995231184412, 0.995429387807, 0.99777037948, 
        0.997939947617, 0.998353609836, 0.998497374828]
finished!

calculating string at kx = 0.3417
    N = 14 (0.900)
        WCC positions: 
        [0.0133110765724, 0.0141800643407, 0.0157918369888, 
        0.016659435561, 0.496586649547, 0.502955946282, 
        0.779849137, 0.781219669622, 0.814808315139, 
        0.819259014362, 0.88397819263, 0.887599616806, 
        0.995187258394, 0.99538845592, 0.997772172639, 
        0.997933074637, 0.99834518815, 0.998476711819]
    N = 18 (0.930)
        WCC positions: 
        [0.0133113802399, 0.0141838069193, 0.0157962087505, 
        0.0166639659061, 0.496426715448, 0.502787594998, 
        0.779822906233, 0.78122623208, 0.815019609402, 
        0.819506737167, 0.883556156802, 0.887168631318, 
        0.995207776124, 0.995405924, 0.997775715707, 0.99793629831, 
        0.998347257731, 0.998482775872]
finished!

calculating string at kx = 0.3500
    N = 14 (0.902)
        WCC positions: 
        [0.0135126812929, 0.0143505522405, 0.0160303987752, 
        0.016870632751, 0.496393051036, 0.502284128679, 
        0.7803317323, 0.781619027619, 0.815100340147, 
        0.819259745144, 0.883711077398, 0.887058278092, 
        0.995165466289, 0.99536480625, 0.997776620344, 
        0.997928759342, 0.998339880558, 0.998463245504]
    N = 18 (0.931)
        WCC positions: 
        [0.0135135815345, 0.0143547336018, 0.0160353484053, 
        0.0168757709458, 0.496237445034, 0.502120775712, 
        0.78030743435, 0.781625218646, 0.815315890067, 
        0.819509676618, 0.883287876139, 0.886626758565, 
        0.995185729906, 0.995382218894, 0.997780293029, 
        0.997932136839, 0.998341813991, 0.998468910764]
finished!

calculating string at kx = 0.3583
    N = 14 (0.903)
        WCC positions: 
        [0.0137039730609, 0.0145067663485, 0.0162653328015, 
        0.0170738108861, 0.496204100147, 0.501643665128, 
        0.780789053608, 0.781994814355, 0.815370662932, 
        0.819247248783, 0.88346174293, 0.886552591436, 
        0.99514499989, 0.995341021142, 0.997780327573, 
        0.997923941715, 0.998335490746, 0.998450564061]
    N = 18 (0.932)
        WCC positions: 
        [0.0137054364954, 0.01451136054, 0.0162708903026, 
        0.0170796635333, 0.496052683984, 0.501485181561, 
        0.780766606746, 0.782000682659, 0.815590303559, 
        0.819499249845, 0.883037718243, 0.886120873828, 
        0.99516502259, 0.995358390096, 0.997784131853, 
        0.997927493049, 0.998337264429, 0.998455855029]
finished!

calculating string at kx = 0.3667
    N = 14 (0.904)
        WCC positions: 
        [0.0138850787164, 0.0146495499498, 0.0164950802293, 
        0.0172681955349, 0.496022181556, 0.501034360067, 
        0.781221245591, 0.782347103238, 0.815620853561, 
        0.819222894179, 0.883230691119, 0.886080782934, 
        0.995125976346, 0.995317216025, 0.997783390836, 
        0.997918659062, 0.998331963412, 0.998438653316]
    N = 18 (0.932)
        WCC positions: 
        [0.0138870586456, 0.0146544077909, 0.0165013256547, 
        0.0172746602859, 0.495874215266, 0.500879936644, 
        0.781200470405, 0.782352572447, 0.815844289855, 
        0.819476581458, 0.88280569688, 0.885648650221, 
        0.995145757814, 0.995334560106, 0.997787317785, 
        0.997922374503, 0.998333590917, 0.9984435952]
finished!

calculating string at kx = 0.3750
    N = 14 (0.906)
        WCC positions: 
        [0.014056128936, 0.0147796072916, 0.0167182360899, 
        0.0174530219222, 0.495849239195, 0.500456113013, 
        0.781628278252, 0.782675891523, 0.815852681564, 
        0.819188092426, 0.883018209263, 0.88564133594, 
        0.995108341348, 0.99529358338, 0.997785907228, 
        0.99791295569, 0.998329192288, 0.99842762991]
    N = 18 (0.933)
        WCC positions: 
        [0.0140585127802, 0.014784716934, 0.0167252396204, 
        0.0174601192271, 0.495704663275, 0.50030560509, 
        0.781609204626, 0.782681057866, 0.816079464249, 
        0.819443081781, 0.882592516229, 0.885209032938, 
        0.995127890788, 0.995310875028, 0.997789958695, 
        0.997916815652, 0.998330721889, 0.998432190762]
finished!

calculating string at kx = 0.3833
    N = 14 (0.907)
        WCC positions: 
        [0.0142170722988, 0.0148976686578, 0.0169336398924, 
        0.0176273638955, 0.495687403609, 0.499908824461, 
        0.782010427504, 0.782981258634, 0.816067483065, 
        0.819143788147, 0.882824685478, 0.885232862774, 
        0.995092172019, 0.995270184509, 0.997787962961, 
        0.997906816846, 0.998327169911, 0.998417444939]
    N = 18 (0.934)
        WCC positions: 
        [0.0142198863623, 0.0149029215741, 0.0169412908537, 
        0.0176351873024, 0.495545963598, 0.499761946831, 
        0.781992967225, 0.78298610232, 0.816297571469, 
        0.819400086175, 0.882398442151, 0.884800473335, 
        0.995111531137, 0.995287449676, 0.997792122345, 
        0.997910844562, 0.998328575198, 0.998421674519]
finished!

calculating string at kx = 0.3917
    N = 14 (0.908)
        WCC positions: 
        [0.014368232939, 0.0150042139081, 0.0171401074563, 
        0.0177906640459, 0.495538405374, 0.499392135906, 
        0.78236770199, 0.78326315484, 0.816266889753, 
        0.819091320332, 0.882650262798, 0.88485376266, 
        0.995077517631, 0.995247192842, 0.997789671441, 
        0.997900364161, 0.998325813641, 0.998408126435]
    N = 18 (0.935)
        WCC positions: 
        [0.0143714158636, 0.0150095800538, 0.0171484452164, 
        0.0177990868896, 0.495399548601, 0.499248255115, 
        0.782351668259, 0.783267531624, 0.816499734894, 
        0.819348347883, 0.882223426132, 0.884421219179, 
        0.995096677658, 0.995264425842, 0.997793938684, 
        0.997904544353, 0.998327125019, 0.998411988663]
finished!

calculating string at kx = 0.4000
    N = 14 (0.909)
        WCC positions: 
        [0.0145096411567, 0.0150997153456, 0.0173365527772, 
        0.017942313556, 0.495403600653, 0.498905440894, 
        0.782700262838, 0.783521625398, 0.816452144815, 
        0.819031535363, 0.882494953873, 0.884502460059, 
        0.995064388161, 0.995224710502, 0.997791087032, 
        0.997893663108, 0.998325042398, 0.998399639815]
    N = 18 (0.936)
        WCC positions: 
        [0.0145131146987, 0.0151051773632, 0.017345591231, 
        0.0179512949435, 0.495267103796, 0.49876448999, 
        0.782685581493, 0.783525531918, 0.816687604074, 
        0.819289198476, 0.882067514991, 0.884069901376, 
        0.995083376492, 0.995241921066, 0.997795452304, 
        0.997897971255, 0.998326266402, 0.998403168626]
finished!

calculating string at kx = 0.4083
    N = 14 (0.910)
        WCC positions: 
        [0.0146413822359, 0.015184590582, 0.0175221776542, 
        0.0180815202659, 0.495284358171, 0.498448564998, 
        0.783008047273, 0.783756572404, 0.816624579998, 
        0.81896527058, 0.882358693402, 0.884177784826, 
        0.995052827695, 0.995202890133, 0.99779233412, 
        0.99788675345, 0.998324787827, 0.998391932746]
    N = 18 (0.936)
        WCC positions: 
        [0.0146451675213, 0.01519011418, 0.0175318496405, 
        0.0180911751497, 0.495150129458, 0.498310396448, 
        0.782994765962, 0.783760122852, 0.816862526851, 
        0.819223534153, 0.881930821553, 0.883745320378, 
        0.995071641613, 0.99522010406, 0.997796841739, 
        0.997891204876, 0.998325939266, 0.9983951367]
finished!

calculating string at kx = 0.4167
    N = 14 (0.911)
        WCC positions: 
        [0.01476361009, 0.0152591270824, 0.017696262126, 
        0.0182080142276, 0.495182312408, 0.49802154272, 
        0.78329152484, 0.783968280864, 0.816785543833, 
        0.818893570224, 0.882241501894, 0.883878628292, 
        0.995042871474, 0.995181813917, 0.997793557447, 
        0.997879742799, 0.998324995337, 0.998384930159]
    N = 18 (0.937)
        WCC positions: 
        [0.0147676255999, 0.0152647506019, 0.017706516941, 
        0.0182182858942, 0.495050078212, 0.497885865536, 
        0.783279378825, 0.783971269802, 0.817025940428, 
        0.819152357427, 0.881813234253, 0.883446306552, 
        0.995061509357, 0.99519904665, 0.997798148933, 
        0.99788431324, 0.998326087912, 0.998387845149]
finished!

calculating string at kx = 0.4250
    N = 14 (0.912)
        WCC positions: 
        [0.0148764052866, 0.0153235979407, 0.0178581308057, 
        0.0183212434705, 0.495098490269, 0.497623871086, 
        0.783550484801, 0.784156615392, 0.816936263911, 
        0.818817154727, 0.882143298916, 0.883603823116, 
        0.995034526279, 0.995161610746, 0.997794824539, 
        0.997872693289, 0.998325608423, 0.998378569806]
    N = 18 (0.938)
        WCC positions: 
        [0.0148806401666, 0.0153292688425, 0.0178688726203, 
        0.0183320407365, 0.49496800209, 0.497490349209, 
        0.783539491702, 0.784159115805, 0.817178814677, 
        0.8190761477, 0.88171476093, 0.883171668829, 
        0.995053021363, 0.995178871022, 0.997799475189, 
        0.997877351002, 0.99832665354, 0.998381247043]
finished!

calculating string at kx = 0.4333
    N = 14 (0.913)
        WCC positions: 
        [0.0149797789447, 0.0153782225337, 0.0180071192542, 
        0.0184207634152, 0.495033944637, 0.497255392892, 
        0.78378535614, 0.784321774132, 0.817077997679, 
        0.818736806345, 0.882063947983, 0.883352481331, 
        0.995027823587, 0.995142420809, 0.997796185572, 
        0.997865656082, 0.998326554133, 0.998372833499]
    N = 18 (0.938)
        WCC positions: 
        [0.0149842270132, 0.0153839504607, 0.0180183373325, 
        0.0184320784178, 0.494904967425, 0.497123759042, 
        0.783775458557, 0.784323788396, 0.817322465125, 
        0.818995848878, 0.881635134621, 0.882920481338, 
        0.995046165287, 0.995159715128, 0.997800924014, 
        0.997870441429, 0.998327557009, 0.998375273707]
finished!

calculating string at kx = 0.4417
    N = 14 (0.914)
        WCC positions: 
        [0.0150738170999, 0.0154231335446, 0.0181428234233, 
        0.0185062494865, 0.49498985048, 0.496915778011, 
        0.783996001574, 0.784463495665, 0.817211744704, 
        0.818652971036, 0.882003505627, 0.883123799156, 
        0.995022776787, 0.995124329152, 0.99779773127, 
        0.997858757841, 0.998327784329, 0.998367670268]
    N = 18 (0.939)
        WCC positions: 
        [0.0150784435594, 0.0154288568782, 0.0181545172726, 
        0.0185179913473, 0.494862230781, 0.496785856769, 
        0.78398719588, 0.784465010153, 0.817458090507, 
        0.818912057816, 0.881574390518, 0.882691911849, 
        0.995041000448, 0.99514159531, 0.997802538227, 
        0.997863595122, 0.9983287719, 0.998369874121]
finished!

calculating string at kx = 0.4500
    N = 14 (0.914)
        WCC positions: 
        [0.015158553793, 0.0154584956419, 0.0182647988374, 
        0.0185773397886, 0.494966944244, 0.496604676997, 
        0.784182669958, 0.78458201842, 0.817338593944, 
        0.818566295985, 0.881961608188, 0.88291676629, 
        0.995019449307, 0.995107392914, 0.997799549703, 
        0.997852031884, 0.998329271954, 0.998362982253]
    N = 18 (0.939)
        WCC positions: 
        [0.0151633932929, 0.0154641658464, 0.0182768464965, 
        0.0185894801929, 0.494840592917, 0.496476381561, 
        0.784174900743, 0.7845829961, 0.81758663698, 
        0.818825243298, 0.881532412981, 0.882485186412, 
        0.995037554449, 0.995124664367, 0.997804407879, 
        0.997856923818, 0.998330253796, 0.998364993927]
finished!

calculating string at kx = 0.4583
    N = 14 (0.915)
        WCC positions: 
        [0.0152341054065, 0.0154843673172, 0.0183726476724, 
        0.0186338900306, 0.494966337626, 0.496321924998, 
        0.784345531409, 0.784677346341, 0.817459596838, 
        0.818477245027, 0.881938398866, 0.882730839049, 
        0.995017794444, 0.995091738045, 0.997801679492, 
        0.997845534502, 0.998330981571, 0.998358722876]
    N = 18 (0.940)
        WCC positions: 
        [0.0152390765433, 0.0154900114976, 0.0183850564953, 
        0.0186463127852, 0.494840925756, 0.496195010331, 
        0.784338608785, 0.784677641084, 0.817709104596, 
        0.818735858046, 0.881509004345, 0.882299557068, 
        0.995035803511, 0.995109033059, 0.997806567617, 
        0.997850472072, 0.998331956757, 0.99836056707]
finished!

calculating string at kx = 0.4667
    N = 14 (0.916)
        WCC positions: 
        [0.0153004796278, 0.0155008425254, 0.0184661162942, 
        0.0186756038277, 0.49498880849, 0.496067371235, 
        0.784484608228, 0.784749393502, 0.817575412428, 
        0.818385988626, 0.881933736607, 0.882565476834, 
        0.995017800307, 0.995077415412, 0.997804141754, 
        0.997839324186, 0.998332884588, 0.998354854068]
    N = 18 (0.940)
        WCC positions: 
        [0.0153055610927, 0.0155064893595, 0.0184788517021, 
        0.0186883135909, 0.494863932545, 0.495941347955, 
        0.784478498876, 0.784749078185, 0.817826221323, 
        0.818644060912, 0.881504088555, 0.882134377006, 
        0.995035723222, 0.995094704122, 0.997809110625, 
        0.997844330881, 0.998333861731, 0.998356523651]
finished!

calculating string at kx = 0.4750
    N = 14 (0.917)
        WCC positions: 
        [0.0153576486509, 0.0155080289272, 0.018544989574, 
        0.0187023613335, 0.495034825073, 0.495840359846, 
        0.784599877776, 0.784798074873, 0.817686944549, 
        0.818292799031, 0.881947504667, 0.882420091142, 
        0.995019549209, 0.995064486689, 0.997807030478, 
        0.99783346444, 0.998334954489, 0.998351309042]
    N = 18 (0.941)
        WCC positions: 
        [0.0153628458744, 0.0155136319685, 0.0185578522041, 
        0.0187153057394, 0.494910467586, 0.495715065137, 
        0.784594674076, 0.784797223128, 0.817939035651, 
        0.818550317392, 0.881517662273, 0.881989100247, 
        0.995037353447, 0.995081866548, 0.997812004964, 
        0.997838483553, 0.998335978621, 0.998352855479]
finished!

calculating string at kx = 0.4833
    N = 14 (0.917)
        WCC positions: 
        [0.0154056276412, 0.0155059763962, 0.018608878048, 
        0.018713981738, 0.495105036786, 0.495640538105, 
        0.784691582284, 0.784823554047, 0.817794524011, 
        0.818197463625, 0.881979691947, 0.882294218395, 
        0.995022948764, 0.99505307644, 0.99781033921, 
        0.99782798071, 0.998337209653, 0.998348041116]
    N = 18 (0.941)
        WCC positions: 
        [0.0154109221132, 0.0155115191503, 0.0186219332978, 
        0.0187270958269, 0.494981020318, 0.495515845814, 
        0.784687148862, 0.784821993265, 0.818047763964, 
        0.818454268042, 0.88154967063, 0.881863405439, 
        0.995040690898, 0.99507049679, 0.997815330885, 
        0.997833013263, 0.998338290721, 0.998349466809]
finished!

calculating string at kx = 0.4917
    N = 14 (0.918)
        WCC positions: 
        [0.0154444428726, 0.0154946800481, 0.0186578604007, 
        0.0187104415321, 0.495200167615, 0.49546744667, 
        0.784759704707, 0.784825634792, 0.817899047867, 
        0.818100239474, 0.882030370244, 0.882187463202, 
        0.995028048881, 0.995043145928, 0.997814106873, 
        0.997822900021, 0.998339652695, 0.99834501692]
    N = 18 (0.942)
        WCC positions: 
        [0.0154498199501, 0.0155001418515, 0.018671052427, 
        0.0187236363512, 0.49507638106, 0.495343278484, 
        0.784756007419, 0.784823377719, 0.818153351469, 
        0.818356309815, 0.881600215603, 0.881756890948, 
        0.995045693298, 0.995060623588, 0.99781910751, 
        0.997827956672, 0.9983407711, 0.998346341951]
finished!

calculating string at kx = 0.5000
    N = 14 (0.918)
        WCC positions: 
        [0.0154741386327, 0.0154741388245, 0.0186917390434, 
        0.0186917391639, 0.495320740536, 0.495320742084, 
        0.784804427108, 0.784804427812, 0.818000770247, 
        0.818000770561, 0.882099454471, 0.882099455031, 
        0.995034793395, 0.995034793578, 0.997818264481, 
        0.997818264571, 0.998342238105, 0.998342238229]
    N = 18 (0.942)
        WCC positions: 
        [0.0154795618769, 0.0154795620811, 0.0187049576477, 
        0.018704957792, 0.495196960485, 0.495196962021, 
        0.784801426037, 0.784801426718, 0.818256091609, 
        0.818256091926, 0.881669200561, 0.881669201135, 
        0.995052352036, 0.99505235219, 0.997823312109, 
        0.997823312177, 0.998343449476, 0.998343449599]
finished!

Checking neighbouring k-points k = 0.0000 and k = 0.0083
Condition fulfilled

Checking neighbouring k-points k = 0.0083 and k = 0.0167
Condition fulfilled

Checking neighbouring k-points k = 0.0167 and k = 0.0250
Condition fulfilled

Checking neighbouring k-points k = 0.0250 and k = 0.0333
Condition fulfilled

Checking neighbouring k-points k = 0.0333 and k = 0.0417
Condition fulfilled

Checking neighbouring k-points k = 0.0417 and k = 0.0500
Condition fulfilled

Checking neighbouring k-points k = 0.0500 and k = 0.0583
Condition fulfilled

Checking neighbouring k-points k = 0.0583 and k = 0.0667
Condition fulfilled

Checking neighbouring k-points k = 0.0667 and k = 0.0750
Condition fulfilled

Checking neighbouring k-points k = 0.0750 and k = 0.0833
Condition fulfilled

Checking neighbouring k-points k = 0.0833 and k = 0.0917
Condition fulfilled

Checking neighbouring k-points k = 0.0917 and k = 0.1000
Condition fulfilled

Checking neighbouring k-points k = 0.1000 and k = 0.1083
Condition fulfilled

Checking neighbouring k-points k = 0.1083 and k = 0.1167
Condition fulfilled

Checking neighbouring k-points k = 0.1167 and k = 0.1250
Condition fulfilled

Checking neighbouring k-points k = 0.1250 and k = 0.1333
Condition fulfilled

Checking neighbouring k-points k = 0.1333 and k = 0.1417
Condition fulfilled

Checking neighbouring k-points k = 0.1417 and k = 0.1500
Condition fulfilled

Checking neighbouring k-points k = 0.1500 and k = 0.1583
Condition fulfilled

Checking neighbouring k-points k = 0.1583 and k = 0.1667
Condition fulfilled

Checking neighbouring k-points k = 0.1667 and k = 0.1750
Condition fulfilled

Checking neighbouring k-points k = 0.1750 and k = 0.1833
Condition fulfilled

Checking neighbouring k-points k = 0.1833 and k = 0.1917
Condition fulfilled

Checking neighbouring k-points k = 0.1917 and k = 0.2000
Condition fulfilled

Checking neighbouring k-points k = 0.2000 and k = 0.2083
Condition fulfilled

Checking neighbouring k-points k = 0.2083 and k = 0.2167
Condition fulfilled

Checking neighbouring k-points k = 0.2167 and k = 0.2250
Condition fulfilled

Checking neighbouring k-points k = 0.2250 and k = 0.2333
Condition fulfilled

Checking neighbouring k-points k = 0.2333 and k = 0.2417
Condition fulfilled

Checking neighbouring k-points k = 0.2417 and k = 0.2500
Condition fulfilled

Checking neighbouring k-points k = 0.2500 and k = 0.2583
Condition fulfilled

Checking neighbouring k-points k = 0.2583 and k = 0.2667
Condition fulfilled

Checking neighbouring k-points k = 0.2667 and k = 0.2750
Condition fulfilled

Checking neighbouring k-points k = 0.2750 and k = 0.2833
Condition fulfilled

Checking neighbouring k-points k = 0.2833 and k = 0.2917
Condition fulfilled

Checking neighbouring k-points k = 0.2917 and k = 0.3000
Condition fulfilled

Checking neighbouring k-points k = 0.3000 and k = 0.3083
Condition fulfilled

Checking neighbouring k-points k = 0.3083 and k = 0.3167
Condition fulfilled

Checking neighbouring k-points k = 0.3167 and k = 0.3250
Condition fulfilled

Checking neighbouring k-points k = 0.3250 and k = 0.3333
Condition fulfilled

Checking neighbouring k-points k = 0.3333 and k = 0.3417
Condition fulfilled

Checking neighbouring k-points k = 0.3417 and k = 0.3500
Condition fulfilled

Checking neighbouring k-points k = 0.3500 and k = 0.3583
Condition fulfilled

Checking neighbouring k-points k = 0.3583 and k = 0.3667
Condition fulfilled

Checking neighbouring k-points k = 0.3667 and k = 0.3750
Condition fulfilled

Checking neighbouring k-points k = 0.3750 and k = 0.3833
Condition fulfilled

Checking neighbouring k-points k = 0.3833 and k = 0.3917
Condition fulfilled

Checking neighbouring k-points k = 0.3917 and k = 0.4000
Condition fulfilled

Checking neighbouring k-points k = 0.4000 and k = 0.4083
Condition fulfilled

Checking neighbouring k-points k = 0.4083 and k = 0.4167
Condition fulfilled

Checking neighbouring k-points k = 0.4167 and k = 0.4250
Condition fulfilled

Checking neighbouring k-points k = 0.4250 and k = 0.4333
Condition fulfilled

Checking neighbouring k-points k = 0.4333 and k = 0.4417
Condition fulfilled

Checking neighbouring k-points k = 0.4417 and k = 0.4500
Condition fulfilled

Checking neighbouring k-points k = 0.4500 and k = 0.4583
Condition fulfilled

Checking neighbouring k-points k = 0.4583 and k = 0.4667
Condition fulfilled

Checking neighbouring k-points k = 0.4667 and k = 0.4750
Condition fulfilled

Checking neighbouring k-points k = 0.4750 and k = 0.4833
Condition fulfilled

Checking neighbouring k-points k = 0.4833 and k = 0.4917
Condition fulfilled

Checking neighbouring k-points k = 0.4917 and k = 0.5000
Condition fulfilled

+----------------------------------------------------------------------+
|                       finished wcc calculation                       |
|                       time: 0 h 45 min 36 sec                        |
+----------------------------------------------------------------------+
HgTe.py
